1.4847e-05 1.00 0.0032953 -0.0096046 -0.0043389 0.0110423 2.63252 13.4581404
2.9694e-05 1.00 0.0021949 -0.0063381 0.0090111 0.0112334 5.00088 13.3431739
4.4541e-05 1.00 0.0096636 -0.0056480 -0.0023016 0.0114273 7.12591 13.2295195
5.9388e-05 1.00 0.0117044 -0.0076357 0.0017914 0.0140892 5.06934 11.9143919
7.4235e-05 1.00 -0.0141026 0.0058355 0.0082579 0.0173531 3.39148 10.7355984
8.9082e-05 1.00 0.0023180 -0.0166245 0.0046554 0.0174189 4.02383 10.7153099
0.000103929 1.00 0.0109048 -0.0042359 -0.0158989 0.0197391 3.22601 10.0658759
0.000118776 1.00 -0.0019454 -0.0116188 -0.0163291 0.0201351 3.47359 9.9664028
0.000133623 1.00 0.0113374 0.0004211 0.0180868 0.0213505 3.27769 9.6785538
0.00014847 1.00 -0.0037710 0.0032774 0.0220147 0.0225745 3.08103 9.4125189
0.000163317 1.00 -0.0099721 -0.0106565 -0.0222020 0.0265694 2.07873 8.6760880
0.000178164 1.00 -0.0092459 0.0170146 -0.0234961 0.0304475 1.50687 8.1047478
0.000193011 1.00 -0.0113775 0.0251071 0.0181433 0.0329999 1.2822 7.7850000
0.000207858 1.00 -0.0008896 -0.0116534 0.0340858 0.0360338 1.06059 7.4500631
0.000222705 1.00 -0.0026549 -0.0253117 0.0344638 0.0428425 0.676109 6.8324643
0.000237552 1.00 0.0269269 -0.0313781 0.0115740 0.0429371 0.716427 6.8249343
0.000252399 1.00 0.0076694 -0.0227689 -0.0364274 0.0436371 0.725156 6.7699740
0.000267246 1.00 0.0420394 -0.0220932 -0.0003299 0.0474924 0.595594 6.4893750
0.000282093 1.00 0.0343853 0.0271901 0.0202851 0.0483025 0.597578 6.4347281
0.00029694 1.00 0.0416428 0.0208353 0.0151233 0.0489586 0.604078 6.3914646
0.000311787 1.00 0.0467560 0.0038553 0.0141689 0.0490076 0.632381 6.3882700
0.000326634 1.00 -0.0161489 -0.0377973 0.0276962 0.0495632 0.640464 6.3523652
0.000341481 1.00 -0.0474599 0.0159393 0.0105223 0.0511588 0.608859 6.2525153
0.000356328 1.00 0.0197953 -0.0201972 -0.0448470 0.0530191 0.570774 6.1418425
0.000371175 1.00 0.0243444 -0.0411486 0.0248923 0.0539025 0.565801 6.0913081
0.000386022 1.00 -0.0233800 0.0009133 0.0533698 0.0582734 0.465707 5.8584107
0.000400869 1.00 0.0223484 -0.0074033 0.0537174 0.0586500 0.474362 5.8395724
0.000415716 1.00 0.0251203 0.0363347 -0.0386461 0.0586920 0.490876 5.8374796
0.000430563 1.00 0.0479678 -0.0290083 0.0177876 0.0588115 0.505314 5.8315499
0.00044541 1.00 0.0115820 -0.0403788 -0.0430488 0.0601481 0.488659 5.7663920
0.000460257 1.00 0.0225688 0.0106237 -0.0565677 0.0618233 0.465002 5.6877280
0.000475104 1.00 -0.0092984 -0.0171976 0.0600289 0.0631323 0.45076 5.6284528
0.000489951 1.00 0.0522237 -0.0353149 -0.0039586 0.0631675 0.464069 5.6268880
0.000504798 1.00 -0.0127781 -0.0564865 -0.0286617 0.0646181 0.446649 5.5633682
0.000519645 1.00 0.0488764 0.0411087 0.0213024 0.0673247 0.406532 5.4503923
0.000534492 1.00 -0.0066682 0.0229793 -0.0637442 0.0680870 0.404259 5.4197954
0.000549339 1.00 0.0496662 -0.0418054 0.0247994 0.0694941 0.390758 5.3646440
0.000564186 1.00 -0.0440032 0.0257904 -0.0474216 0.0696436 0.39874 5.3588834
0.000579033 1.00 -0.0253717 -0.0362377 0.0542278 0.0699825 0.403317 5.3458921
0.00059388 1.00 -0.0332627 0.0608878 0.0097415 0.0700616 0.412259 5.3428734
0.000608727 1.00 -0.0128235 -0.0654483 0.0279644 0.0723182 0.38423 5.2588547
0.000623574 1.00 0.0007502 0.0197656 -0.0695956 0.0723518 0.393053 5.2576322
0.000638421 1.00 -0.0469086 -0.0002304 0.0575688 0.0742606 0.372172 5.1896232
0.000653268 1.00 -0.0300544 0.0591717 -0.0373523 0.0761561 0.353093 5.1246318
0.000668115 1.00 -0.0462073 -0.0598473 0.0104846 0.0763330 0.358613 5.1186885
0.000682962 1.00 -0.0260441 -0.0718028 0.0070624 0.0767060 0.36126 5.1062302
0.000697809 1.00 -0.0671324 0.0072013 -0.0374832 0.0772244 0.36173 5.0890612
0.000712656 1.00 0.0092072 -0.0493665 0.0609262 0.0789546 0.345668 5.0329923
0.000727503 1.00 -0.0748625 0.0132543 -0.0240708 0.0797463 0.342464 5.0079481
0.00074235 1.00 -0.0092672 0.0820148 -0.0085817 0.0829816 0.310152 4.9093497
0.000757197 1.00 0.0433021 -0.0158378 -0.0701906 0.0839799 0.305207 4.8800835
0.000772044 1.00 0.0853805 -0.0087484 0.0053657 0.0859951 0.289823 4.8225655
0.000786891 1.00 -0.0628915 -0.0387921 0.0447921 0.0864090 0.291172 4.8110025
0.000801738 1.00 0.0755144 0.0294598 -0.0314809 0.0869560 0.291102 4.7958461
0.000816585 1.00 0.0489025 0.0591650 -0.0466664 0.0898315 0.268922 4.7184639
0.000831432 1.00 0.0458552 0.0155849 -0.0761664 0.0902602 0.269929 4.7072443
0.000846279 1.00 0.0240774 -0.0871430 0.0009206 0.0904128 0.27336 4.7032718
0.000861126 1.00 0.0131082 0.0192580 0.0886226 0.0916333 0.267189 4.6718451
0.000875973 1.00 0.0671127 -0.0623540 -0.0164812 0.0930794 0.259323 4.6354113
0.00089082 1.00 -0.0472085 -0.0782545 -0.0225983 0.0941440 0.254873 4.6091274
0.000905667 1.00 -0.0487894 -0.0501435 0.0692907 0.0984682 0.22646 4.5067871
0.000920514 1.00 -0.0845077 -0.0105649 -0.0515948 0.0995750 0.222582 4.4816694
0.000935361 1.00 0.0337492 0.0856254 0.0381041 0.0996124 0.225918 4.4808271
0.000950208 1.00 0.0507493 0.0271811 -0.0813258 0.0996403 0.229311 4.4802004
0.000965055 1.00 -0.0932864 -0.0388104 -0.0112889 0.1016663 0.219246 4.4353347
0.000979902 1.00 -0.0219541 -0.0770832 0.0637956 0.1024387 0.217622 4.4185834
0.000994749 1.00 0.0856244 -0.0577106 -0.0237143 0.1059453 0.199701 4.3448432
0.0010096 1.00 0.0069353 0.0947450 0.0498439 0.1072806 0.195207 4.3177186
0.00102444 1.00 -0.1010612 -0.0358363 0.0152961 0.1083124 0.192471 4.2971037
0.00103929 1.00 0.0235681 0.0756174 -0.0751174 0.1091608 0.190743 4.2803738
0.00105414 1.00 0.0423211 0.0864973 -0.0520214 0.1094490 0.191943 4.2747345
0.00106898 1.00 0.0162568 -0.1002129 -0.0427802 0.1101683 0.190859 4.2607567
0.00108383 1.00 -0.0896983 0.0324965 -0.0555565 0.1104008 0.19229 4.2562678
0.00109868 1.00 -0.0077988 -0.0646655 -0.0891409 0.1104018 0.194919 4.2562489
0.00111352 1.00 -0.1103673 -0.0126050 0.0216117 0.1131675 0.18342 4.2039170
0.00112837 1.00 0.0017510 0.0638777 0.0992140 0.1180120 0.163902 4.1167256
0.00114322 1.00 0.0934015 -0.0724558 -0.0006444 0.1182121 0.165217 4.1132395
0.00115807 1.00 -0.0035994 0.1238341 -0.0014751 0.1238952 0.145372 4.0177951
0.00117291 1.00 -0.1166526 -0.0174801 -0.0384234 0.1240554 0.146666 4.0151994
0.00118776 1.00 -0.1010305 -0.0538033 -0.0528955 0.1260948 0.141432 3.9825978
0.00120261 1.00 0.0423127 -0.0642413 -0.1000660 0.1262162 0.142787 3.9806821
0.00121745 1.00 -0.0964842 0.0618763 0.0530474 0.1263008 0.14426 3.9793476
0.0012323 1.00 0.0400268 0.0570051 -0.1082656 0.1287368 0.137886 3.9415193
0.00124715 1.00 0.0003274 -0.0630745 -0.1131811 0.1295703 0.136871 3.9288213
0.001262 1.00 -0.1045819 -0.0711902 -0.0295100 0.1299086 0.137422 3.9237016
0.00127684 1.00 -0.1048815 -0.0753034 -0.0251371 0.1315394 0.133931 3.8993043
0.00129169 1.00 -0.0675529 -0.0984024 0.0572304 0.1323697 0.132955 3.8870550
0.00130654 1.00 -0.0498365 0.1030368 0.0683060 0.1332890 0.131719 3.8736270
0.00132138 1.00 -0.1042258 -0.0788447 0.0346907 0.1352144 0.127606 3.8459490
0.00133623 1.00 0.1208026 -0.0642095 -0.0131681 0.1374392 0.122874 3.8146940
0.00135108 1.00 0.1208839 -0.0107717 -0.0655859 0.1379509 0.122862 3.8076126
0.00136592 1.00 0.0107409 -0.1257046 -0.0582375 0.1389554 0.121538 3.7938246
0.00138077 1.00 -0.0903082 0.0390433 -0.1021215 0.1418053 0.115599 3.7555080
0.00139562 1.00 -0.0159935 -0.1455754 0.0159914 0.1473218 0.104202 3.6845245
0.00141047 1.00 -0.0287020 0.1250177 -0.0726418 0.1474113 0.105119 3.6834068
0.00142531 1.00 -0.0798411 -0.1055895 -0.0653109 0.1476119 0.105793 3.6809030
0.00144016 1.00 -0.1414656 0.0314119 0.0396633 0.1502411 0.101381 3.6485525
0.00145501 1.00 0.0807858 -0.0480680 -0.1179320 0.1508139 0.101263 3.6416169
0.00146985 1.00 0.0754045 0.1312901 -0.0062588 0.1515326 0.100848 3.6329716
0.0014847 1.00 -0.0231866 -0.0857567 0.1240000 0.1525380 0.0998656 3.6209792
0.00149955 1.00 0.0058746 0.1151071 0.1025668 0.1542858 0.0974751 3.6004109
0.00151439 1.00 -0.1051858 -0.0264753 0.1100619 0.1545271 0.0979797 3.5975980
0.00152924 1.00 -0.0601098 -0.1411800 0.0253023 0.1555159 0.0970651 3.5861430
0.00154409 1.00 0.1205000 0.0525768 -0.0835141 0.1557536 0.0975594 3.5834055
0.00155894 1.00 -0.0491030 -0.1328283 -0.0698425 0.1579001 0.0945349 3.5589654
0.00157378 1.00 0.1354633 -0.0622325 -0.0553081 0.1590037 0.0934618 3.5465934
0.00158863 1.00 0.1220946 0.0646955 -0.0787156 0.1590243 0.0943069 3.5463630
0.00160348 1.00 -0.0438036 -0.1377714 -0.0677618 0.1596602 0.0940554 3.5392945
0.00161832 1.00 -0.0039509 0.1052926 -0.1225427 0.1616133 0.0915262 3.5178431
0.00163317 1.00 0.1386507 0.0692778 0.0457769 0.1616136 0.0923653 3.5178400
0.00164802 1.00 -0.0212841 0.0292410 -0.1577357 0.1618289 0.0928335 3.5154983
0.00166286 1.00 0.0124682 0.1587869 -0.0396051 0.1641259 0.0897918 3.4908119
0.00167771 1.00 0.0203870 -0.1166740 -0.1168901 0.1664084 0.0869166 3.4667889
0.00169256 1.00 0.0506861 -0.1328874 -0.0864267 0.1664263 0.0876575 3.4666022
0.0017074 1.00 0.0579033 0.1537012 0.0312180 0.1671867 0.0872254 3.4587095
0.00172225 1.00 -0.1074534 -0.1277146 -0.0393732 0.1714861 0.0815307 3.4150768
0.0017371 1.00 -0.1169752 0.1251063 0.0103415 0.1715860 0.08209 3.4140833
0.00175195 1.00 0.1287012 0.0241044 0.1146712 0.1740532 0.0793206 3.3897995
0.00176679 1.00 -0.0472733 -0.1182849 0.1191854 0.1744455 0.0794544 3.3859858
0.00178164 1.00 0.0578714 0.1656400 -0.0031839 0.1754874 0.0787034 3.3759189
0.00179649 1.00 -0.0433571 0.1425740 -0.0929391 0.1756271 0.07917 3.3745764
0.00181133 1.00 0.0006311 -0.0099162 -0.1772425 0.1775208 0.0772969 3.3565289
0.00182618 1.00 -0.0361038 -0.1602146 0.0705848 0.1787580 0.0763236 3.3448934
0.00184103 1.00 0.0649028 0.0725303 -0.1507362 0.1794280 0.0760854 3.3386421
0.00185588 1.00 0.0027195 -0.1471935 -0.1029206 0.1796273 0.0764439 3.3367901
0.00187072 1.00 0.0949989 -0.0952061 -0.1198659 0.1801578 0.0763768 3.3318732
0.00188557 1.00 0.1271781 -0.0245848 0.1253434 0.1802489 0.0768663 3.3310315
0.00190042 1.00 0.0012376 -0.0886951 0.1570000 0.1803257 0.0773726 3.3303216
0.00191526 1.00 0.1365595 -0.1088383 0.0473690 0.1809367 0.0771898 3.3246937
0.00193011 1.00 -0.0379278 -0.1777418 0.0055188 0.1818272 0.0766508 3.3165430
0.00194496 1.00 -0.1668317 0.0179634 -0.0757811 0.1841148 0.074397 3.2958742
0.0019598 1.00 0.0781920 -0.1193055 -0.1168759 0.1844120 0.074603 3.2932179
0.00197465 1.00 0.1714533 -0.0695355 0.0214055 0.1862515 0.072963 3.2769147
0.0019895 1.00 0.0089547 -0.0724039 -0.1729246 0.1876844 0.0718407 3.2643815
0.00200435 1.00 -0.1286842 0.0805103 0.1114075 0.1882901 0.0716806 3.2591267
0.00201919 1.00 -0.1161804 -0.1472726 -0.0203917 0.1886874 0.0717563 3.2556941
0.00203404 1.00 -0.0561553 -0.0438079 -0.1767679 0.1905766 0.0701555 3.2395167
0.00204889 1.00 0.1215693 -0.1428956 -0.0398985 0.1918075 0.0693158 3.2291051
0.00206373 1.00 0.1156675 0.1055902 -0.1109472 0.1919311 0.0696833 3.2280656
0.00207858 1.00 -0.0752705 0.1367770 -0.1117331 0.1919840 0.0701266 3.2276204
0.00209343 1.00 -0.1000400 -0.1615883 -0.0286532 0.1921973 0.0703927 3.2258295
0.00210827 1.00 -0.1027986 -0.1646631 0.0030775 0.1941416 0.0687832 3.2096352
0.00212312 1.00 0.1722459 0.0283836 0.0914971 0.1970939 0.0662013 3.1855060
0.00213797 1.00 0.1327372 0.1118189 0.0934801 0.1971324 0.0666252 3.1851949
0.00215282 1.00 0.1806329 -0.0805470 0.0042573 0.1978236 0.0663871 3.1796256
0.00216766 1.00 0.0918058 -0.1605156 -0.0721048 0.1984759 0.0661881 3.1743960
0.00218251 1.00 -0.0221295 0.1076404 0.1654208 0.1985955 0.0665211 3.1734397
0.00219736 1.00 -0.1155547 0.0147228 0.1700507 0.2061235 0.0599003 3.1149509
0.0022122 1.00 0.0290288 -0.1981224 -0.0565062 0.2080579 0.0586386 3.1004367
0.00222705 1.00 0.1667864 -0.1264775 0.0093232 0.2095261 0.0577999 3.0895548
0.0022419 1.00 0.1076961 -0.1595705 -0.0828775 0.2095945 0.0581283 3.0890506
0.00225674 1.00 -0.1807996 0.0031619 0.1076737 0.2104569 0.0577969 3.0827154
0.00227159 1.00 -0.0758618 0.0869260 -0.1768162 0.2111282 0.0576239 3.0778102
0.00228644 1.00 0.0412742 -0.2002798 -0.0525852 0.2111415 0.0579896 3.0777135
0.00230129 1.00 0.0242535 0.0791355 -0.1942742 0.2111708 0.0583419 3.0774999
0.00231613 1.00 -0.1416573 -0.1022037 0.1215914 0.2128306 0.0573552 3.0654766
0.00233098 1.00 0.1621338 -0.0067532 -0.1439437 0.2169165 0.054522 3.0364682
0.00234583 1.00 0.1708837 -0.1341756 -0.0016701 0.2172720 0.0546004 3.0339827
0.00236067 1.00 -0.0379762 0.2019660 -0.0841007 0.2220482 0.0514761 3.0011756
0.00237552 1.00 -0.2112649 0.0022456 0.0688592 0.2222150 0.0516833 3.0000487
0.00239037 1.00 -0.0343639 -0.2139687 -0.0581341 0.2243726 0.0505204 2.9855893
0.00240521 1.00 -0.0898049 -0.1639579 -0.1259429 0.2254079 0.0501369 2.9787253
0.00242006 1.00 -0.0637345 -0.1367584 -0.1700875 0.2273648 0.049155 2.9658789
0.00243491 1.00 0.0135372 -0.0898508 -0.2087327 0.2276527 0.0492692 2.9640024
0.00244976 1.00 0.0581564 -0.0466859 -0.2185607 0.2309340 0.0474865 2.9428696
0.0024646 1.00 -0.0256723 0.1544059 -0.1700830 0.2311460 0.047643 2.9415202
0.00247945 1.00 0.0578823 0.1681809 -0.1490302 0.2320457 0.0473746 2.9358121
0.0024943 1.00 0.1545320 -0.1514740 -0.0840020 0.2321225 0.047611 2.9353264
0.00250914 1.00 0.0009240 0.0335337 0.2340379 0.2364299 0.0453241 2.9084648
0.00252399 1.00 -0.0482305 -0.1907783 -0.1325893 0.2372814 0.0451033 2.9032412
0.00253884 1.00 0.0341033 0.2218250 -0.0798170 0.2382018 0.0448447 2.8976269
0.00255368 1.00 0.1323361 0.1329511 0.1476802 0.2387431 0.0448008 2.8943401
0.00256853 1.00 -0.2090909 -0.0931459 -0.0687747 0.2390087 0.0449112 2.8927319
0.00258338 1.00 -0.0013249 -0.2044908 0.1244988 0.2394121 0.0449429 2.8902933
0.00259823 1.00 0.2332060 -0.0548167 -0.0101008 0.2397748 0.0449964 2.8881068
0.00261307 1.00 0.2093008 0.0780155 -0.0880999 0.2401142 0.0450619 2.8860646
0.00262792 1.00 -0.2028921 -0.1109489 0.0713713 0.2420098 0.0442613 2.8747396
0.00264277 1.00 -0.0345997 0.0837149 0.2245928 0.2421720 0.044422 2.8737770
0.00265761 1.00 -0.1053864 -0.0526461 -0.2133661 0.2437272 0.0438219 2.8645932
0.00267246 1.00 0.2287604 -0.0657403 -0.0603196 0.2455434 0.0430961 2.8539799
0.00268731 1.00 0.0139112 -0.2119911 0.1235871 0.2457794 0.0432108 2.8526088
0.00270215 1.00 0.1074236 0.0535835 -0.2147093 0.2459900 0.043338 2.8513875
0.002717 1.00 0.2252632 -0.0553410 -0.0835857 0.2465617 0.0432737 2.8480799
0.00273185 1.00 0.1386634 -0.1710315 0.1118124 0.2469440 0.0433084 2.8458746
0.00274669 1.00 0.1053934 -0.1645871 0.1513144 0.2471694 0.0434248 2.8445765
0.00276154 1.00 -0.2011325 0.0044768 0.1438397 0.2473139 0.043583 2.8437453
0.00277639 1.00 0.2206362 -0.0709184 0.0930198 0.2497247 0.0425605 2.8299860
0.00279124 1.00 -0.0885204 0.1543342 -0.1752966 0.2497674 0.0427662 2.8297436
0.00280608 1.00 -0.2451389 -0.0244619 -0.0438055 0.2502207 0.0427604 2.8271796
0.00282093 1.00 0.1896324 -0.0417694 -0.1619653 0.2528594 0.0416549 2.8123893
0.00283578 1.00 0.0334279 -0.0362445 -0.2480394 0.2528925 0.0418577 2.8122050
0.00285062 1.00 -0.0863569 -0.1938566 -0.1391993 0.2537998 0.0416272 2.8071740
0.00286547 1.00 -0.0785172 -0.1900476 0.1500013 0.2545259 0.0414869 2.8031672
0.00288032 1.00 -0.0301227 -0.2308076 0.1055863 0.2555934 0.0411816 2.7973071
0.00289516 1.00 0.0715362 -0.0881330 0.2334125 0.2595501 0.0395295 2.7759039
0.00291001 1.00 -0.2211457 -0.0075768 0.1390892 0.2613592 0.0389128 2.7662798
0.00292486 1.00 0.0240987 -0.1341473 0.2247645 0.2628599 0.0384453 2.7583721
0.00293971 1.00 -0.2275147 0.1396344 0.0017381 0.2669526 0.0368904 2.7371455
0.00295455 1.00 0.2478862 0.0314070 -0.0965608 0.2678768 0.0366942 2.7324200
0.0029694 1.00 0.0269076 -0.2669314 -0.0063370 0.2683590 0.0366802 2.7299640
0.00298425 1.00 -0.0488981 0.2620235 0.0314619 0.2683974 0.0368478 2.7297685
0.00299909 1.00 -0.2543229 -0.0892901 -0.0062301 0.2696139 0.0365321 2.7236033
0.00301394 1.00 0.1753921 -0.1330264 -0.1559442 0.2697722 0.0366484 2.7228042
0.00302879 1.00 -0.0935813 0.0842991 -0.2403571 0.2713583 0.0361869 2.7148350
0.00304364 1.00 0.0057527 0.1216818 0.2424790 0.2713589 0.036364 2.7148320
0.00305848 1.00 0.2395081 -0.0933659 0.0895617 0.2722180 0.0361965 2.7105447
0.00307333 1.00 0.1896605 -0.1572821 0.1181185 0.2732412 0.0359652 2.7054650
0.00308818 1.00 -0.1573807 0.0113831 0.2245132 0.2744165 0.0356765 2.6996649
0.00310302 1.00 0.1265787 0.2293598 -0.0858058 0.2756642 0.0353635 2.6935488
0.00311787 1.00 -0.1143848 0.0837747 0.2388490 0.2777606 0.0347342 2.6833647
0.00313272 1.00 -0.0032591 -0.1306401 0.2495000 0.2816518 0.033473 2.6647640
0.00314756 1.00 0.1837552 -0.1951334 -0.0867087 0.2817116 0.0336103 2.6644809
0.00316241 1.00 -0.1925103 -0.0576175 -0.1980123 0.2821150 0.0336241 2.6625756
0.00317726 1.00 0.1414580 0.1703588 -0.1758816 0.2827840 0.0335428 2.6594238
0.00319211 1.00 0.2403327 -0.1058583 0.1060641 0.2832232 0.033543 2.6573612
0.00320695 1.00 0.2708583 0.0357671 0.0757218 0.2835089 0.0335973 2.6560220
0.0032218 1.00 0.0091509 0.2212886 0.1799198 0.2853480 0.0331044 2.6474487
0.00323665 1.00 -0.1491621 0.1916405 -0.1517163 0.2863447 0.0329109 2.6428375
0.00325149 1.00 -0.0250606 0.0934887 0.2717855 0.2885057 0.0323244 2.6329209
0.00326634 1.00 0.2480487 0.1183656 0.1000177 0.2924759 0.0311675 2.6149896
0.00328119 1.00 -0.2436206 0.0530406 0.1542596 0.2931899 0.031081 2.6118035
0.00329603 1.00 -0.2686723 -0.1080543 0.0514545 0.2941226 0.0309256 2.6076590
0.00331088 1.00 0.1530018 -0.1393328 -0.2094262 0.2944190 0.0309712 2.6063462
0.00332573 1.00 -0.1783652 0.1581452 -0.1738826 0.2950580 0.0309084 2.6035223
0.00334058 1.00 0.2686055 -0.1120215 -0.0569690 0.2965522 0.0305794 2.5969552
0.00335542 1.00 -0.2605685 -0.1162870 0.0811704 0.2966602 0.0306818 2.5964824
0.00337027 1.00 0.1888084 -0.1566036 -0.1677014 0.2971482 0.030666 2.5943493
0.00338512 1.00 -0.2735480 0.0331052 0.1241144 0.3022067 0.0292801 2.5725451
0.00339996 1.00 -0.0245606 -0.3019355 0.0146562 0.3032871 0.0290954 2.5679585
0.00341481 1.00 -0.1954727 -0.1975842 0.1242219 0.3044342 0.0288933 2.5631162
0.00342966 1.00 -0.0623004 0.1014006 -0.2816223 0.3057361 0.0286498 2.5576532
0.0034445 1.00 0.2708510 0.0793496 -0.1235425 0.3080899 0.0281194 2.5478641
0.00345935 1.00 -0.0178093 0.2483777 -0.1816712 0.3082419 0.0281988 2.5472359
0.0034742 1.00 -0.2232833 -0.1701012 -0.1275324 0.3083089 0.0283014 2.5469591
0.00348905 1.00 0.0042455 0.1988289 -0.2356980 0.3083901 0.0283999 2.5466236
0.00350389 1.00 -0.0891174 0.0083459 0.2959810 0.3092189 0.028292 2.5432088
0.00351874 1.00 -0.0532168 -0.2947629 0.0813454 0.3103776 0.0280949 2.5384569
0.00353359 1.00 -0.1974188 -0.0295518 -0.2396361 0.3118861 0.027806 2.5323106
0.00354843 1.00 0.2338753 0.1916456 0.0766543 0.3119320 0.0279105 2.5321244
0.00356328 1.00 -0.1699160 0.0279053 0.2612008 0.3128514 0.0277809 2.5284009
0.00357813 1.00 0.1021518 0.2576933 -0.1457429 0.3131801 0.027809 2.5270736
0.00359297 1.00 -0.1366178 0.1758312 -0.2203429 0.3132603 0.0279029 2.5267502
0.00360782 1.00 -0.1138860 -0.1160147 0.2677759 0.3132625 0.0280176 2.5267415
0.00362267 1.00 -0.0595843 -0.2777182 -0.1341828 0.3141380 0.0278983 2.5232178
0.00363752 1.00 0.2976465 -0.0531482 -0.0929822 0.3163287 0.0274347 2.5144655
0.00365236 1.00 0.2003272 -0.1379534 -0.2033618 0.3170460 0.0273601 2.5116197
0.00366721 1.00 -0.0691728 -0.2971899 0.0894543 0.3179761 0.027231 2.5079436
0.00368206 1.00 -0.1585191 -0.1464010 -0.2338802 0.3182161 0.0272794 2.5069977
0.0036969 1.00 -0.2890203 -0.0597623 0.1247856 0.3204305 0.0268255 2.4983200
0.00371175 1.00 0.0659723 -0.2358783 -0.2072362 0.3208392 0.0268304 2.4967285
0.0037266 1.00 -0.1889271 0.2563818 -0.0505548 0.3224606 0.0265335 2.4904433
0.00374144 1.00 -0.2907443 0.1302157 -0.0540939 0.3231324 0.0264734 2.4878533
0.00375629 1.00 -0.0008542 0.0936791 0.3096031 0.3234665 0.0264961 2.4865679
0.00377114 1.00 0.1634713 -0.2785561 -0.0205646 0.3236345 0.0265595 2.4859227
0.00378598 1.00 -0.1893506 0.2179481 0.1466794 0.3238362 0.0266142 2.4851483
0.00380083 1.00 0.1828757 -0.2255989 0.1461584 0.3251164 0.0264042 2.4802507
0.00381568 1.00 0.0239302 0.1613448 -0.2830428 0.3266773 0.0261292 2.4743181
0.00383053 1.00 0.0078594 -0.2683794 -0.1894035 0.3285772 0.0257785 2.4671540
0.00384537 1.00 0.3208630 0.0442521 0.0597056 0.3293571 0.025695 2.4642315
0.00386022 1.00 0.2096046 0.2092676 -0.1472322 0.3307633 0.0254666 2.4589878
0.00387507 1.00 0.0306441 -0.2967402 -0.1491955 0.3335462 0.02493 2.4487080
0.00388991 1.00 0.2877803 0.1088918 0.1327848 0.3351220 0.0246742 2.4429442
0.00390476 1.00 0.1989001 -0.2692995 0.0228437 0.3355671 0.0246699 2.4413233
0.00391961 1.00 -0.2819374 -0.1707453 -0.0694141 0.3368397 0.0244841 2.4367072
0.00393445 1.00 -0.0423192 -0.3141959 -0.1141495 0.3369571 0.0245512 2.4362828
0.0039493 1.00 -0.0032091 -0.0740278 -0.3287364 0.3369837 0.024638 2.4361866
0.00396415 1.00 -0.0606887 0.1709265 -0.2848550 0.3377001 0.0245735 2.4336011
0.003979 1.00 -0.0107460 -0.2660642 0.2081356 0.3379735 0.0246058 2.4326167
0.00399384 1.00 0.1918517 -0.1787678 -0.2145082 0.3387901 0.0245194 2.4296832
0.00400869 1.00 0.1303329 0.3139014 0.0019645 0.3398891 0.0243726 2.4257518
0.00402354 1.00 0.0941539 0.2620361 0.1983924 0.3418880 0.0240363 2.4186501
0.00403838 1.00 0.0960014 -0.0250658 0.3277005 0.3423919 0.0240186 2.4168699
0.00405323 1.00 -0.1384746 0.3134390 -0.0104237 0.3428234 0.024016 2.4153483
0.00406808 1.00 0.0357571 -0.3111367 0.1395321 0.3428612 0.024096 2.4152150
0.00408293 1.00 -0.0846341 0.2882920 -0.1655421 0.3430443 0.0241453 2.4145706
0.00409777 1.00 0.3140199 -0.1121565 0.0817567 0.3433246 0.0241738 2.4135847
0.00411262 1.00 0.0279861 -0.2875957 -0.1894274 0.3455101 0.0238039 2.4059391
0.00412747 1.00 0.0161474 0.3305409 -0.1093857 0.3485445 0.0232713 2.3954432
0.00414231 1.00 -0.1608788 0.2300262 0.2069274 0.3487305 0.0233176 2.3948043
0.00415716 1.00 -0.1763391 -0.1285240 -0.2722916 0.3489364 0.0233598 2.3940976
0.00417201 1.00 -0.1881867 -0.2688731 -0.1192430 0.3491789 0.0233944 2.3932662
0.00418685 1.00 0.2403304 0.2530476 0.0576298 0.3537132 0.0225863 2.3778770
0.0042017 1.00 0.2702392 -0.1158224 -0.2000615 0.3556243 0.0223029 2.3714789
0.00421655 1.00 0.2031352 0.0284879 0.2908574 0.3559122 0.0223275 2.3705196
0.00423139 1.00 -0.1061734 0.2352590 0.2456820 0.3563415 0.0223252 2.3690914
0.00424624 1.00 0.3563901 0.0213297 0.0255355 0.3579399 0.0221048 2.3637959
0.00426109 1.00 -0.2073469 0.0851730 -0.2800111 0.3586828 0.0220445 2.3613464
0.00427594 1.00 0.2570587 0.2401172 -0.0704116 0.3587384 0.022111 2.3611634
0.00429078 1.00 0.0366312 0.3522075 0.0675103 0.3604852 0.0218668 2.3554358
0.00430563 1.00 0.1509247 -0.0428862 -0.3251047 0.3609855 0.0218514 2.3538030
0.00432048 1.00 -0.2434964 0.2506752 0.0948966 0.3621242 0.0217205 2.3500995
0.00433532 1.00 -0.3242460 -0.1521463 -0.0614785 0.3634055 0.0215654 2.3459526
0.00435017 1.00 -0.0820198 -0.3322382 0.1298949 0.3660357 0.0211762 2.3375088
0.00436502 1.00 0.0585529 0.0219118 0.3645410 0.3698631 0.0205956 2.3253830
0.00437987 1.00 -0.3400548 0.1285419 0.0733744 0.3708693 0.0204979 2.3222263
0.00439471 1.00 0.3321562 0.1696530 -0.0336135 0.3744860 0.0199772 2.3109856
0.00440956 1.00 0.2880469 0.2176719 -0.1018297 0.3751284 0.0199419 2.3090057
0.00442441 1.00 -0.1710054 0.3333207 0.0243233 0.3754160 0.0199631 2.3081212
0.00443925 1.00 -0.0752824 0.1122539 0.3515096 0.3765998 0.0198418 2.3044908
0.0044541 1.00 -0.3563508 0.0523367 0.1126574 0.3773814 0.0197847 2.3021031
0.00446895 1.00 -0.2701228 0.1687364 -0.2045634 0.3785294 0.0196706 2.2986095
0.00448379 1.00 0.1475487 0.2418151 0.2521765 0.3792600 0.0196221 2.2963944
0.00449864 1.00 -0.3457863 0.1398441 -0.0689255 0.3793090 0.0196795 2.2962462
0.00451349 1.00 0.1306902 0.3475253 0.0827538 0.3803971 0.0195755 2.2929595
0.00452834 1.00 0.2643434 -0.2669487 -0.0606150 0.3805433 0.0196172 2.2925191
0.00454318 1.00 0.3754775 0.0398923 -0.0592918 0.3822175 0.0194241 2.2874926
0.00455803 1.00 0.2637812 -0.1786724 0.2112736 0.3822838 0.0194774 2.2872943
0.00457288 1.00 0.3375825 -0.1480478 -0.1052910 0.3833618 0.0193765 2.2840760
0.00458772 1.00 0.0545295 -0.3772805 -0.0557738 0.3852593 0.0191535 2.2784443
0.00460257 1.00 0.2570023 0.2497721 0.1432584 0.3859524 0.0191122 2.2763976
0.00461742 1.00 0.2750442 0.1677193 -0.2156751 0.3876788 0.0189188 2.2713234
0.00463226 1.00 0.3015104 0.0328826 -0.2466039 0.3909006 0.0185142 2.2619439
0.00464711 1.00 -0.1829314 -0.3156645 0.1440378 0.3922433 0.0183835 2.2580690
0.00466196 1.00 -0.3078365 -0.1701580 0.1891426 0.3993645 0.0174732 2.2378465
0.00467681 1.00 -0.1161669 -0.1625395 0.3477667 0.4010680 0.0173064 2.2330889
0.00469165 1.00 -0.2550882 0.1884258 0.2470712 0.4020179 0.0172386 2.2304489
0.0047065 1.00 0.1650906 -0.3676776 -0.0436199 0.4053941 0.0168646 2.2211418
0.00472135 1.00 0.2772274 0.2266884 -0.1923727 0.4065094 0.016779 2.2180927
0.00473619 1.00 0.0746300 -0.3751096 0.1455796 0.4092313 0.0164981 2.2107038
0.00475104 1.00 0.4122746 0.0273476 -0.0141493 0.4134228 0.0160515 2.1994687
0.00476589 1.00 -0.2212896 0.3402910 -0.1019165 0.4185141 0.0155212 2.1860493
0.00478073 1.00 -0.2897885 0.3014769 0.0198925 0.4186423 0.0155552 2.1857145
0.00479558 1.00 0.3498673 -0.0385865 0.2272129 0.4189532 0.0155688 2.1849035
0.00481043 1.00 0.0705136 -0.4102980 0.0532187 0.4197009 0.0155337 2.1829562
0.00482528 1.00 -0.1804327 -0.3102689 0.2193483 0.4206381 0.0154777 2.1805230
0.00484012 1.00 0.1558767 0.2530480 0.3018954 0.4236410 0.0151976 2.1727814
0.00485497 1.00 -0.1312561 -0.1683789 0.3682687 0.4256776 0.0150264 2.1675773
0.00486982 1.00 0.4160368 0.0557686 -0.0784040 0.4270175 0.0149309 2.1641739
0.00488466 1.00 0.0327070 -0.4292784 0.0230762 0.4311406 0.0145509 2.1538008
0.00489951 1.00 0.2849426 0.2636671 0.1890401 0.4317972 0.0145286 2.1521627
0.00491436 1.00 -0.2178126 0.2969125 0.2255302 0.4318139 0.014571 2.1521210
0.0049292 1.00 -0.4037436 0.1205688 0.0961788 0.4321991 0.0145759 2.1511617
0.00494405 1.00 0.0974660 -0.2580675 0.3335240 0.4328241 0.0145566 2.1496080
0.0049589 1.00 -0.2205422 -0.1192820 -0.3528314 0.4328476 0.0145979 2.1495496
0.00497374 1.00 0.0177071 0.1327539 0.4116845 0.4329218 0.0146341 2.1493656
0.00498859 1.00 0.0882414 -0.1458904 -0.3979976 0.4329811 0.0146718 2.1492183
0.00500344 1.00 0.1999028 0.3497538 0.1599840 0.4334556 0.0146672 2.1480416
0.00501829 1.00 0.2018459 -0.2802387 0.2656914 0.4357378 0.0144808 2.1424090
0.00503313 1.00 -0.2707102 0.2677887 0.2142728 0.4369298 0.0144051 2.1394847
0.00504798 1.00 -0.1708372 -0.1832326 0.3593174 0.4380281 0.0143391 2.1368008
0.00506283 1.00 0.3266990 0.2502581 0.1549601 0.4397431 0.0142137 2.1326298
0.00507767 1.00 0.4311635 0.0891333 -0.0487528 0.4429713 0.013946 2.1248448
0.00509252 1.00 0.3879549 -0.1779650 -0.1205833 0.4435323 0.0139338 2.1235006
0.00510737 1.00 0.0786948 -0.3889334 -0.1982505 0.4435823 0.0139697 2.1233807
0.00512222 1.00 0.3555635 0.1567131 -0.2176421 0.4453678 0.0138424 2.1191203
0.00513706 1.00 -0.0625783 0.4354153 -0.0897894 0.4489596 0.013552 2.1106265
0.00515191 1.00 -0.4188438 0.0838635 0.1388205 0.4491485 0.0135741 2.1101826
0.00516676 1.00 0.1184743 0.3111958 0.3052412 0.4517202 0.013382 2.1041671
0.0051816 1.00 -0.3431857 -0.2734695 0.1076072 0.4518200 0.0134116 2.1039347
0.00519645 1.00 0.1389338 -0.0621180 -0.4259173 0.4522906 0.013408 2.1028400
0.0052113 1.00 0.3645974 -0.2551584 0.0829041 0.4526701 0.0134126 2.1019584
0.00522614 1.00 0.4301908 -0.1301752 -0.0613688 0.4536252 0.013366 2.0997442
0.00524099 1.00 0.0141734 -0.4432677 0.1041598 0.4555616 0.0132338 2.0952770
0.00525584 1.00 0.1403217 -0.2562458 -0.3512484 0.4568670 0.0131578 2.0922813
0.00527068 1.00 0.1658492 -0.3497205 0.2444517 0.4577849 0.0131158 2.0901827
0.00528553 1.00 -0.1452404 -0.0815168 -0.4285221 0.4597510 0.0129847 2.0857088
0.00530038 1.00 0.3881263 0.2179554 0.1199826 0.4610232 0.0129137 2.0828289
0.00531523 1.00 -0.4485103 -0.0879514 0.0691383 0.4622521 0.0128468 2.0800585
0.00533007 1.00 -0.1772965 -0.4277440 -0.0110142 0.4631633 0.0128068 2.0780113
0.00534492 1.00 0.0484322 0.1674626 -0.4304077 0.4643708 0.0127426 2.0753080
0.00535977 1.00 0.1627713 0.3901284 0.1942806 0.4652307 0.0127073 2.0733892
0.00537461 1.00 -0.3055958 -0.3463416 0.0700492 0.4671704 0.0125844 2.0690803
0.00538946 1.00 -0.1362766 -0.2631705 0.3614118 0.4673848 0.0126018 2.0686056
0.00540431 1.00 0.2621653 -0.3943007 -0.0211790 0.4739749 0.0121167 2.0541744
0.00541916 1.00 -0.2043519 0.4320913 0.0011486 0.4779790 0.0118472 2.0455523
0.005434 1.00 0.2987592 0.3339285 0.1689583 0.4788655 0.0118138 2.0436579
0.00544885 1.00 -0.2497723 -0.3776948 -0.1562209 0.4790037 0.0118359 2.0433632
0.0054637 1.00 -0.0610968 -0.0640813 0.4713600 0.4796035 0.0118236 2.0420851
0.00547854 1.00 -0.0871926 -0.0274529 0.4713922 0.4801737 0.0118136 2.0408722
0.00549339 1.00 0.3704762 0.1912492 -0.2407841 0.4814621 0.0117507 2.0381396
0.00550824 1.00 -0.1485506 -0.4085146 0.2171778 0.4859194 0.0114612 2.0287703
0.00552308 1.00 -0.0511289 0.0947366 -0.4750199 0.4870658 0.0114112 2.0263813
0.00553793 1.00 -0.4501603 0.1836901 -0.0450209 0.4882757 0.011357 2.0238691
0.00555278 1.00 -0.3483145 0.0526774 0.3388098 0.4887637 0.0113534 2.0228586
0.00556763 1.00 -0.3567900 -0.3116579 -0.1221092 0.4892242 0.0113516 2.0219062
0.00558247 1.00 0.3929394 -0.0172299 0.2947210 0.4914862 0.0112255 2.0172481
0.00559732 1.00 -0.3396075 0.3257143 0.1475842 0.4931574 0.0111413 2.0138273
0.00561217 1.00 -0.4358739 0.2090286 -0.0990367 0.4934443 0.0111514 2.0132418
0.00562701 1.00 0.4759870 0.0233520 0.1554068 0.5012586 0.0106661 1.9974875
0.00564186 1.00 0.3324645 -0.2080676 -0.3156079 0.5034215 0.0105569 1.9931920
0.00565671 1.00 -0.1540550 0.4801619 -0.0208370 0.5047005 0.0105045 1.9906648
0.00567155 1.00 -0.3803380 -0.1630139 -0.2931479 0.5071156 0.0103823 1.9859189
0.0056864 1.00 0.2264182 -0.0913769 -0.4450703 0.5076440 0.010377 1.9848850
0.00570125 1.00 -0.3942189 0.2985674 -0.1184080 0.5084993 0.0103517 1.9832152
0.0057161 1.00 -0.2307782 0.4496922 -0.0620875 0.5092509 0.0103327 1.9817510
0.00573094 1.00 0.2744731 -0.0197660 -0.4321667 0.5123419 0.0101732 1.9757639
0.00574579 1.00 0.1291848 -0.0776318 -0.4905846 0.5132140 0.0101477 1.9740846
0.00576064 1.00 -0.1207952 0.0051266 -0.4993825 0.5138099 0.0101385 1.9729394
0.00577548 1.00 -0.0606480 0.1929061 -0.4743383 0.5156430 0.0100566 1.9694294
0.00579033 1.00 0.3692458 0.0084572 0.3600526 0.5158021 0.0100732 1.9691257
0.00580518 1.00 0.3648248 -0.3573357 -0.1066769 0.5216952 0.0097606 1.9579724
0.00582002 1.00 -0.2656484 -0.4463107 0.0490563 0.5216980 0.0097854 1.9579671
0.00583487 1.00 0.0121856 0.4887161 0.1879933 0.5237684 0.00969449 1.9540935
0.00584972 1.00 -0.0835113 -0.3611023 -0.3725694 0.5255254 0.009622 1.9508242
0.00586457 1.00 0.1570561 -0.4985405 0.0729740 0.5277636 0.00952421 1.9466831
0.00587941 1.00 -0.3699238 0.1635647 0.3402320 0.5285403 0.00950629 1.9452524
0.00589426 1.00 -0.1878373 0.0109444 -0.4946431 0.5292206 0.00949359 1.9440017
0.00590911 1.00 0.2892555 0.4426273 -0.0225512 0.5292412 0.00951639 1.9439639
0.00592395 1.00 -0.1721763 0.0350692 0.5006136 0.5305549 0.00946961 1.9415556
0.0059388 1.00 0.1930172 0.3897757 0.3062492 0.5319486 0.00941892 1.9390105
0.00595365 1.00 -0.0181110 -0.5130068 -0.1408597 0.5323020 0.00942367 1.9383667
0.00596849 1.00 -0.4467379 -0.0221725 0.2919030 0.5341102 0.00935155 1.9350829
0.00598334 1.00 0.3389024 0.2555186 0.3256157 0.5349488 0.00933079 1.9335655
0.00599819 1.00 -0.3655791 -0.0767685 0.3842154 0.5358759 0.00930548 1.9318922
0.00601303 1.00 0.4997093 0.1235819 0.1489666 0.5358852 0.00932803 1.9318754
0.00602788 1.00 -0.5380133 -0.0665305 -0.0389132 0.5435061 0.0089632 1.9182835
0.00604273 1.00 -0.1467568 -0.2772071 -0.4474428 0.5464306 0.00884178 1.9131433
0.00605758 1.00 0.1910524 0.4087323 0.3207002 0.5535447 0.00852613 1.9008098
0.00607242 1.00 -0.0598356 -0.5317908 -0.1467879 0.5549130 0.00848396 1.8984648
0.00608727 1.00 0.1321068 0.2313313 0.4871057 0.5551921 0.00849189 1.8979875
0.00610212 1.00 -0.4933752 0.2132047 0.1404150 0.5555103 0.00849798 1.8974439
0.00611696 1.00 -0.1269904 0.5380662 -0.0549640 0.5555743 0.00851571 1.8973346
0.00613181 1.00 -0.2271909 0.1279216 0.4924446 0.5572085 0.00846149 1.8945502
0.00614666 1.00 0.3145916 -0.1161891 -0.4460340 0.5580449 0.0084439 1.8931299
0.00616151 1.00 -0.2630900 0.3704615 -0.3244642 0.5583325 0.00845122 1.8926423
0.00617635 1.00 0.0725184 0.4098583 0.3762644 0.5610861 0.00834747 1.8879923
0.0061912 1.00 -0.0983080 -0.0578326 0.5495975 0.5613079 0.00835762 1.8876194
0.00620605 1.00 0.4123166 0.3241497 -0.2075961 0.5640693 0.00825523 1.8829933
0.00622089 1.00 -0.1677061 -0.4594339 -0.2811718 0.5641475 0.00827154 1.8828628
0.00623574 1.00 0.1671024 -0.2972799 0.4508464 0.5652973 0.00824079 1.8809470
0.00625059 1.00 -0.0101953 0.0701900 0.5627895 0.5672412 0.00817577 1.8777212
0.00626543 1.00 -0.0858290 -0.5426701 0.1488114 0.5692120 0.00811037 1.8744678
0.00628028 1.00 -0.0798505 0.4189671 0.3778875 0.5698320 0.00810308 1.8734478
0.00629513 1.00 0.1040086 0.3217225 -0.4602329 0.5710845 0.00806891 1.8713921
0.00630997 1.00 -0.5658976 -0.0605643 -0.0705269 0.5734825 0.00798691 1.8674754
0.00632482 1.00 -0.4865201 -0.2647187 -0.1560100 0.5754276 0.00792479 1.8643166
0.00633967 1.00 -0.0005436 -0.1082768 0.5668077 0.5770573 0.00787628 1.8616822
0.00635452 1.00 0.2381850 0.4077748 -0.3347769 0.5788678 0.00782088 1.8587685
0.00636936 1.00 -0.0134970 -0.0018733 0.5811518 0.5813115 0.00774071 1.8548574
0.00638421 1.00 -0.3255122 0.4705214 0.1098534 0.5825945 0.0077076 1.8528139
0.00639906 1.00 -0.0164168 -0.2831800 -0.5093818 0.5830353 0.00770802 1.8521134
0.0064139 1.00 -0.0621069 0.4752648 0.3379261 0.5864537 0.00759159 1.8467076
0.00642875 1.00 -0.5119615 0.2602701 -0.1254742 0.5878681 0.00755437 1.8444847
0.0064436 1.00 -0.4760272 0.2286707 0.2601606 0.5887068 0.0075395 1.8431703
0.00645845 1.00 0.5895569 -0.0272265 -0.0049792 0.5902062 0.00749943 1.8408276
0.00647329 1.00 -0.4307799 0.0151346 -0.4049819 0.5914480 0.00746942 1.8388941
0.00648814 1.00 0.1035007 0.1600600 -0.5652188 0.5964930 0.0072982 1.8311010
0.00650299 1.00 -0.4029762 -0.3958546 -0.1959292 0.5978954 0.00726354 1.8289523
0.00651783 1.00 -0.5975873 -0.0230685 0.0044914 0.5980493 0.00727451 1.8287171
0.00653268 1.00 -0.4525129 0.3215794 -0.2245853 0.5988488 0.00726192 1.8274959
0.00654753 1.00 -0.4754473 0.0408975 0.3634425 0.5998443 0.00724224 1.8259788
0.00656237 1.00 -0.4207499 -0.0962749 0.4196510 0.6020020 0.00718089 1.8227036
0.00657722 1.00 -0.1182420 -0.4976790 0.3189366 0.6028152 0.00716805 1.8214737
0.00659207 1.00 -0.2161913 -0.3192112 0.4640384 0.6032960 0.00716707 1.8207477
0.00660692 1.00 0.3601447 -0.4357260 -0.2140796 0.6044761 0.00714122 1.8189696
0.00662176 1.00 0.2972648 0.5250813 0.0449847 0.6050623 0.00713649 1.8180882
0.00663661 1.00 0.2100824 0.5670144 -0.0416482 0.6061143 0.00711531 1.8165098
0.00665146 1.00 0.4041901 -0.4540227 -0.0052042 0.6078925 0.00706883 1.8138509
0.0066663 1.00 -0.4247217 -0.4152243 0.1311455 0.6082753 0.00707125 1.8132801
0.00668115 1.00 0.5058300 0.1833600 -0.2838090 0.6083029 0.00708603 1.8132391
0.006696 1.00 -0.5797827 0.0279969 0.1840468 0.6089377 0.00707959 1.8122937
0.00671084 1.00 -0.2499005 -0.4384260 -0.3413446 0.6092485 0.00708443 1.8118313
0.00672569 1.00 0.3606459 -0.4266347 0.2435693 0.6094331 0.00709366 1.8115570
0.00674054 1.00 -0.4786601 -0.0421908 0.3770763 0.6108045 0.00706154 1.8095221
0.00675539 1.00 0.2744989 0.4889401 -0.2427902 0.6110312 0.00706922 1.8091863
0.00677023 1.00 -0.1719662 0.2326080 -0.5387590 0.6115065 0.00706825 1.8084832
0.00678508 1.00 0.0032570 -0.5810896 0.1934062 0.6124392 0.00705143 1.8071055
0.00679993 1.00 -0.3412591 0.5004912 -0.0908281 0.6125348 0.00706355 1.8069644
0.00681477 1.00 0.0595170 0.5872014 0.1644617 0.6126952 0.00707342 1.8067279
0.00682962 1.00 -0.2418273 0.5483268 0.1393942 0.6152832 0.00699975 1.8029242
0.00684447 1.00 -0.0725291 -0.4802536 0.3777527 0.6153057 0.0070142 1.8028912
0.00685931 1.00 -0.0399527 -0.5535694 -0.2676167 0.6161607 0.00700019 1.8016399
0.00687416 1.00 0.3497288 0.1948133 -0.4687225 0.6164116 0.00700678 1.8012732
0.00688901 1.00 -0.1603891 0.2654899 -0.5333823 0.6170140 0.00700137 1.8003938
0.00690386 1.00 -0.3345636 0.2351243 0.4635233 0.6181182 0.00697892 1.7987850
0.0069187 1.00 -0.5584704 0.0953682 0.2535151 0.6206885 0.0069074 1.7950566
0.00693355 1.00 -0.0235960 -0.5301485 0.3245044 0.6220267 0.00687765 1.7931246
0.0069484 1.00 0.4512189 -0.3459542 -0.2544457 0.6229169 0.00686287 1.7918430
0.00696324 1.00 0.1790978 0.5917321 0.0835492 0.6238617 0.00684633 1.7904857
0.00697809 1.00 -0.0700687 -0.2681041 0.5609890 0.6256981 0.0068007 1.7878562
0.00699294 1.00 -0.2853452 0.4647875 0.3083387 0.6265158 0.00678852 1.7866891
0.00700778 1.00 -0.4680404 0.3246017 0.2610149 0.6265436 0.00680202 1.7866495
0.00702263 1.00 0.2777461 0.1601299 -0.5384972 0.6267086 0.00681105 1.7864142
0.00703748 1.00 -0.2029323 0.5473053 0.2290479 0.6270467 0.00681442 1.7859326
0.00705232 1.00 -0.3278286 0.4716012 0.2651562 0.6326034 0.00665042 1.7780716
0.00706717 1.00 -0.4727857 0.1128942 -0.4064189 0.6335990 0.00663306 1.7766740
0.00708202 1.00 -0.4945342 -0.3237008 -0.2288651 0.6338183 0.00664009 1.7763667
0.00709687 1.00 -0.6342532 0.0332539 0.0374121 0.6362253 0.00657878 1.7730032
0.00711171 1.00 -0.1895542 0.1962325 0.5768410 0.6381093 0.00653432 1.7703839
0.00712656 1.00 -0.1872492 0.5613838 -0.2413366 0.6391067 0.00651735 1.7690020
0.00714141 1.00 0.5381105 0.2615598 -0.2264581 0.6397341 0.00651173 1.7681343
0.00715625 1.00 0.5496175 -0.2855554 -0.1613946 0.6400543 0.00651548 1.7676920
0.0071711 1.00 0.5775101 -0.1923541 -0.1987955 0.6403418 0.00652021 1.7672951
0.00718595 1.00 0.1118069 -0.6179980 -0.1302087 0.6413865 0.00650184 1.7658552
0.0072008 1.00 0.0260925 0.5869542 -0.2572708 0.6413925 0.00651509 1.7658469
0.00721564 1.00 -0.4672368 0.1875767 0.4002287 0.6431782 0.00647429 1.7633939
0.00723049 1.00 0.3425294 -0.2062344 0.5078351 0.6463401 0.00639287 1.7590754
0.00724534 1.00 -0.2439659 0.5775700 -0.1690390 0.6493694 0.00631676 1.7549675
0.00726018 1.00 -0.2328720 0.0582684 -0.6080458 0.6537158 0.00620429 1.7491237
0.00727503 1.00 -0.0262068 -0.4209462 -0.4998787 0.6540346 0.00620789 1.7486973
0.00728988 1.00 0.1455118 0.6300321 0.0983036 0.6540472 0.0062202 1.7486805
0.00730472 1.00 0.5399036 0.3671544 0.0552500 0.6552487 0.00619864 1.7470765
0.00731957 1.00 0.2018416 -0.6068694 0.1531648 0.6576397 0.00614374 1.7438977
0.00733442 1.00 0.5173394 0.3226706 -0.2466123 0.6577036 0.00615441 1.7438129
0.00734926 1.00 -0.5255031 -0.3681747 0.1491021 0.6587394 0.00613782 1.7424413
0.00736411 1.00 -0.3306473 -0.2653375 0.5042587 0.6587932 0.00614872 1.7423703
0.00737896 1.00 0.4657807 0.4533355 0.1194314 0.6608545 0.00610364 1.7396508
0.00739381 1.00 -0.5785091 0.3228823 0.0109774 0.6626057 0.00606756 1.7373504
0.00740865 1.00 0.4111596 0.2785109 0.4424453 0.6651153 0.00601118 1.7340696
0.0074235 1.00 0.1376241 0.5723381 -0.3126258 0.6665180 0.00598528 1.7322440
0.00743835 1.00 0.4751980 0.4587839 -0.0976682 0.6677087 0.00596522 1.7306987
0.00745319 1.00 -0.6487319 -0.0966245 -0.1278036 0.6682238 0.00596332 1.7300315
0.00746804 1.00 0.5279910 -0.3257918 -0.2532659 0.6701182 0.00592467 1.7275845
0.00748289 1.00 -0.5252475 0.3392274 -0.2410988 0.6701409 0.00593584 1.7275553
0.00749774 1.00 -0.1614107 -0.1689378 0.6309859 0.6728570 0.00587588 1.7240648
0.00751258 1.00 0.1903447 -0.1141756 -0.6369888 0.6745531 0.00584322 1.7218960
0.00752743 1.00 0.1747692 -0.3781214 0.5308950 0.6748108 0.00584806 1.7215672
0.00754228 1.00 -0.6057279 -0.2453852 -0.1684657 0.6749080 0.00585707 1.7214433
0.00755712 1.00 0.0582610 -0.0494322 -0.6708037 0.6751411 0.00586252 1.7211461
0.00757197 1.00 0.0211477 0.6331385 -0.2372952 0.6764766 0.00583932 1.7194463
0.00758682 1.00 0.3181916 -0.5792864 0.1534115 0.6784937 0.00579874 1.7168885
0.00760166 1.00 -0.5421488 0.3918432 0.1184369 0.6793333 0.00578857 1.7158272
0.00761651 1.00 0.2479075 0.6250957 0.1198848 0.6830631 0.00570539 1.7111363
0.00763136 1.00 0.1246425 -0.6715057 0.0277280 0.6835383 0.00570459 1.7105414
0.00764621 1.00 0.1158920 -0.5163294 0.4356204 0.6854138 0.0056689 1.7081994
0.00766105 1.00 -0.5125488 -0.1830924 -0.4180423 0.6862860 0.00565828 1.7071136
0.0076759 1.00 -0.6238171 0.2900626 -0.0261799 0.6884544 0.00561584 1.7044231
0.00769075 1.00 0.2819043 -0.1682800 0.6080427 0.6910167 0.00556435 1.7012601
0.00770559 1.00 0.1841427 0.2760871 -0.6090763 0.6936184 0.00551259 1.6980665
0.00772044 1.00 0.4511061 -0.2415321 0.4689647 0.6940910 0.00551194 1.6974883
0.00773529 1.00 0.6563400 0.0086835 0.2343673 0.6969833 0.00545407 1.6939626
0.00775013 1.00 -0.0671729 0.0597739 -0.6954665 0.7012551 0.00536528 1.6887951
0.00776498 1.00 -0.0361039 0.6398790 0.2968504 0.7063064 0.00526105 1.6827455
0.00777983 1.00 -0.4510576 0.3304832 0.4342112 0.7079628 0.0052342 1.6807757
0.00779468 1.00 -0.1824392 0.4110217 0.5468217 0.7079808 0.00524379 1.6807544
0.00780952 1.00 -0.3867868 0.1799383 -0.5654857 0.7083473 0.00524562 1.6803196
0.00782437 1.00 0.1742066 0.4972320 -0.4769590 0.7106880 0.00520384 1.6775501
0.00783922 1.00 -0.0575193 -0.5987043 -0.3801894 0.7115471 0.00519485 1.6765371
0.00785406 1.00 -0.4300917 0.5641473 -0.0733137 0.7131731 0.00516917 1.6746248
0.00786891 1.00 -0.1140718 0.5789938 -0.4018952 0.7139790 0.00516143 1.6736795
0.00788376 1.00 0.1235541 -0.6876234 0.1674812 0.7184299 0.00507565 1.6684869
0.0078986 1.00 0.2170218 0.4309033 -0.5419206 0.7255716 0.00493652 1.6602553
0.00791345 1.00 -0.0321970 -0.4573350 0.5629021 0.7259826 0.0049374 1.6597852
0.0079283 1.00 0.5514151 0.0362465 0.4754278 0.7289746 0.00488601 1.6563755
0.00794315 1.00 -0.5235290 0.5085554 -0.0689440 0.7331197 0.00481259 1.6516863
0.00795799 1.00 0.4627571 0.5701673 -0.0555241 0.7364223 0.00475701 1.6479784
0.00797284 1.00 0.6792420 0.0337070 0.2891978 0.7390137 0.00471593 1.6450866
0.00798769 1.00 -0.6618708 0.0071085 0.3300816 0.7396468 0.00471259 1.6443823
0.00800253 1.00 0.2866230 -0.2188240 0.6486653 0.7421613 0.00467352 1.6415944
0.00801738 1.00 0.5117279 0.1417196 -0.5238347 0.7458906 0.00461231 1.6374854
0.00803223 1.00 -0.5589321 0.3895608 0.3139682 0.7501591 0.00454242 1.6328199
0.00804707 1.00 -0.3459390 -0.6577851 -0.1106555 0.7513984 0.00452834 1.6314729
0.00806192 1.00 0.1200130 -0.1529255 0.7260098 0.7515847 0.00453332 1.6312707
0.00807677 1.00 0.1194868 -0.0341349 -0.7425757 0.7529017 0.00451787 1.6298434
0.00809161 1.00 0.5393179 -0.3703214 0.3737679 0.7534615 0.0045161 1.6292378
0.00810646 1.00 -0.4566185 -0.0513445 -0.6018406 0.7571980 0.00445774 1.6252129
0.00812131 1.00 -0.6098847 -0.2025029 -0.4013664 0.7576686 0.00445758 1.6247081
0.00813616 1.00 -0.6878764 0.1453305 0.2830980 0.7579177 0.00446133 1.6244411
0.008151 1.00 -0.1842153 0.4657751 0.5699324 0.7587521 0.00445474 1.6235477
0.00816585 1.00 0.3333645 0.6347148 0.2519322 0.7599109 0.00444247 1.6223093
0.0081807 1.00 0.6551488 -0.1201658 -0.3711200 0.7624892 0.00440555 1.6195641
0.00819554 1.00 0.3815312 -0.2332569 -0.6189148 0.7635643 0.00439493 1.6184236
0.00821039 1.00 0.4371955 0.4578126 -0.4342963 0.7676884 0.00433232 1.6140705
0.00822524 1.00 0.6816551 -0.2126749 0.2830153 0.7681028 0.00433313 1.6136350
0.00824008 1.00 -0.6994940 0.2947634 -0.1261516 0.7694749 0.00431777 1.6121958
0.00825493 1.00 0.3176905 -0.2082184 0.6750686 0.7745965 0.00424032 1.6068570
0.00826978 1.00 -0.3548104 0.2262377 0.6510830 0.7752310 0.00423752 1.6061994
0.00828463 1.00 -0.6724581 0.3254158 -0.2180982 0.7782430 0.00419603 1.6030880
0.00829947 1.00 -0.0851796 0.1183380 0.7702348 0.7839139 0.00411298 1.5972791
0.00831432 1.00 -0.4067190 0.6695505 -0.0339084 0.7841352 0.00411685 1.5970537
0.00832917 1.00 0.5946422 0.2187986 0.4641592 0.7854400 0.00410368 1.5957266
0.00834401 1.00 0.7470100 0.0710826 -0.2357778 0.7865544 0.00409355 1.5945958
0.00835886 1.00 -0.0660100 -0.6657314 0.4155407 0.7875466 0.00408535 1.5935910
0.00837371 1.00 0.7417099 -0.2656408 -0.0508263 0.7894821 0.00406258 1.5916364
0.00838856 1.00 0.3671219 -0.6511182 -0.2794877 0.7980268 0.00394045 1.5830924
0.0084034 1.00 0.4974178 0.5685531 0.2572920 0.7980453 0.00394715 1.5830741
0.00841825 1.00 -0.2052116 -0.6783725 0.3712489 0.8000793 0.00392405 1.5810605
0.0084331 1.00 -0.4605832 0.4962996 0.4331280 0.8037724 0.00387703 1.5774240
0.00844794 1.00 0.6148444 0.2789304 -0.4383604 0.8049818 0.00386638 1.5762386
0.00846279 1.00 0.3803813 0.1967294 -0.6922519 0.8140056 0.00374578 1.5674775
0.00847764 1.00 -0.4538534 -0.6378648 0.2270033 0.8150982 0.00373729 1.5664266
0.00849248 1.00 0.2370667 -0.4604527 -0.6294701 0.8151379 0.00374328 1.5663884
0.00850733 1.00 -0.0285776 0.5999132 -0.5520494 0.8157641 0.0037412 1.5657871
0.00852218 1.00 -0.1407913 -0.8057040 -0.0212312 0.8181881 0.00371452 1.5634659
0.00853703 1.00 -0.0082330 0.7034586 -0.4215457 0.8201358 0.00369454 1.5616084
0.00855187 1.00 -0.5424156 0.4707142 0.4041533 0.8240913 0.00364793 1.5578561
0.00856672 1.00 0.7829704 0.2534662 0.0709065 0.8260239 0.00362867 1.5560326
0.00858157 1.00 0.5612020 0.4423609 0.4236270 0.8307170 0.0035737 1.5516310
0.00859641 1.00 -0.4932847 0.1662919 0.6475370 0.8308351 0.00357836 1.5515207
0.00861126 1.00 -0.2031468 -0.7999827 0.1234137 0.8345489 0.0035369 1.5480647
0.00862611 1.00 -0.2096842 0.6900719 -0.4201842 0.8346984 0.00354109 1.5479261
0.00864095 1.00 0.8238022 0.0843562 -0.1204370 0.8368220 0.00352025 1.5459607
0.0086558 1.00 -0.5136118 -0.3443400 -0.5667726 0.8388076 0.00350132 1.5441298
0.00867065 1.00 -0.7299639 -0.3107198 -0.2811727 0.8416960 0.00347134 1.5414781
0.00868549 1.00 0.6549156 -0.1634005 0.5050194 0.8430058 0.0034611 1.5402801
0.00870034 1.00 -0.2736077 -0.7823117 -0.1690101 0.8458352 0.00343234 1.5377018
0.00871519 1.00 0.0173553 0.5821946 0.6162142 0.8479220 0.00341288 1.5358084
0.00873004 1.00 0.2631473 0.2949269 -0.7502138 0.8479676 0.00341814 1.5357671
0.00874488 1.00 -0.7724286 0.1906202 -0.2960920 0.8489125 0.00341253 1.5349121
0.00875973 1.00 0.3192531 -0.7876034 0.0915092 0.8547605 0.00334864 1.5296525
0.00877458 1.00 -0.1627118 0.6598799 -0.5250210 0.8588153 0.00330703 1.5260372
0.00878942 1.00 0.8379439 0.1571801 -0.1161216 0.8604300 0.00329401 1.5246046
0.00880427 1.00 0.0262868 0.7595372 0.4039525 0.8606773 0.00329673 1.5243856
0.00881912 1.00 -0.2587049 -0.1634805 0.8081423 0.8641459 0.00326269 1.5213231
0.00883397 1.00 -0.5912134 0.5986949 0.2006949 0.8650129 0.00325836 1.5205605
0.00884881 1.00 0.0320664 0.8024973 0.3380614 0.8713872 0.00319273 1.5149888
0.00886366 1.00 -0.0452744 -0.4248933 0.7717118 0.8821129 0.00308285 1.5057501
0.00887851 1.00 0.8144731 0.2602790 -0.2340691 0.8865099 0.00304229 1.5020113
0.00889335 1.00 0.1088724 -0.6904277 -0.5512545 0.8901826 0.00300981 1.4989096
0.0089082 1.00 -0.7167812 -0.5014796 0.1682520 0.8908231 0.00300834 1.4983706
0.00892305 1.00 -0.5926032 0.5763516 0.3380550 0.8931074 0.00299029 1.4964532
0.00893789 1.00 0.4799563 -0.6559224 -0.3779549 0.8963493 0.00296288 1.4937446
0.00895274 1.00 0.7476918 0.4747579 -0.1525288 0.8987230 0.00294435 1.4917707
0.00896759 1.00 0.6075420 -0.0973680 0.6570762 0.9001872 0.00293487 1.4905570
0.00898244 1.00 -0.0561279 0.5227472 0.7367201 0.9050809 0.0028923 1.4865219
0.00899728 1.00 -0.4636689 0.7144454 -0.3192121 0.9095699 0.0028544 1.4828491
0.00901213 1.00 0.4532755 0.7713511 -0.1787924 0.9123639 0.00283292 1.4805768
0.00902698 1.00 -0.1512121 -0.8477409 0.3053432 0.9136543 0.00282558 1.4795309
0.00904182 1.00 0.5260953 -0.7500878 0.0735062 0.9191361 0.00277989 1.4751123
0.00905667 1.00 -0.2323578 -0.8409550 0.3160193 0.9279352 0.00270599 1.4681018
0.00907152 1.00 0.5684683 -0.1666520 -0.7167148 0.9298436 0.00269378 1.4665945
0.00908636 1.00 0.7997651 0.0605199 -0.4761071 0.9327190 0.00267331 1.4643321
0.00910121 1.00 0.5920667 0.6331913 -0.3538276 0.9363056 0.00264702 1.4615248
0.00911606 1.00 -0.7054222 0.5457307 -0.2862451 0.9366850 0.00264812 1.4612288
0.0091309 1.00 -0.0358866 -0.5266986 0.7758757 0.9384468 0.00263752 1.4598565
0.00914575 1.00 -0.8462073 0.3870022 -0.1250649 0.9388710 0.00263823 1.4595266
0.0091606 1.00 0.1935781 -0.9186184 -0.0136725 0.9388925 0.00264233 1.4595099
0.00917545 1.00 -0.1449956 0.8938919 0.2487543 0.9391193 0.0026447 1.4593337
0.00919029 1.00 -0.5547675 0.4724034 -0.5948379 0.9406190 0.00263633 1.4581699
0.00920514 1.00 0.2826697 -0.8997887 -0.0102813 0.9432007 0.00261896 1.4561729
0.00921999 1.00 0.0479528 0.3860254 0.8620136 0.9457180 0.0026023 1.4542336
0.00923483 1.00 -0.6861850 -0.4902235 -0.4338446 0.9483618 0.00258475 1.4522051
0.00924968 1.00 -0.1909272 -0.6927937 -0.6192513 0.9486245 0.00258675 1.4520041
0.00926453 1.00 0.7896561 -0.5156946 0.1070634 0.9491893 0.00258628 1.4515720
0.00927937 1.00 0.7426474 -0.5603628 -0.1951227 0.9505812 0.00257907 1.4505089
0.00929422 1.00 -0.6526461 0.0242716 -0.6951270 0.9538016 0.00255712 1.4480580
0.00930907 1.00 0.2472025 0.4198224 -0.8201229 0.9539190 0.00256025 1.4479690
0.00932392 1.00 0.8281307 0.1138670 0.4617694 0.9549854 0.00255576 1.4471603
0.00933876 1.00 -0.8544879 0.2183361 0.3724226 0.9573499 0.00254091 1.4453720
0.00935361 1.00 0.9067838 0.3274704 0.0578367 0.9658358 0.00247845 1.4390085
0.00936846 1.00 -0.4377726 -0.7043724 0.4969939 0.9668445 0.00247463 1.4382576
0.0093833 1.00 -0.2200888 -0.4072826 0.8489276 0.9669520 0.00247772 1.4381776
0.00939815 1.00 0.0565775 -0.9681770 0.1123205 0.9763113 0.00241095 1.4312676
0.009413 1.00 0.1049165 -0.3914622 -0.8901623 0.9780792 0.00240169 1.4299735
0.00942785 1.00 -0.4048627 0.2559219 -0.8536848 0.9788706 0.00239965 1.4293953
0.00944269 1.00 0.6839096 -0.6505169 0.2664459 0.9807640 0.00238954 1.4280149
0.00945754 1.00 0.4962044 -0.3518781 0.7735859 0.9841098 0.00236897 1.4255853
0.00947239 1.00 0.1413781 -0.3123844 0.9264384 0.9878562 0.00234579 1.4228795
0.00948723 1.00 -0.3238581 -0.9240526 0.1321054 0.9880330 0.00234821 1.4227522
0.00950208 1.00 -0.1490125 0.3010173 0.9338364 0.9924044 0.00232094 1.4196152
0.00951693 1.00 -0.2624840 0.1381386 0.9504373 0.9956462 0.00230193 1.4173023
0.00953177 1.00 0.2473123 0.5335436 0.8050045 0.9969275 0.00229665 1.4163912
0.00954662 1.00 -0.3486603 -0.3788325 -0.8587395 1.0012550 0.00227053 1.4133269
0.00956147 1.00 0.7379503 0.5737405 0.3666212 1.0040717 0.00225498 1.4113432
0.00957632 1.00 0.9694704 -0.2307432 0.1319898 1.0052545 0.00225051 1.4105127
0.00959116 1.00 -0.4819068 -0.3455276 -0.8130362 1.0063058 0.00224695 1.4097757
0.00960601 1.00 0.3490684 0.4122466 0.8519786 1.0087931 0.00223382 1.4080366
0.00962086 1.00 0.4923845 0.3050270 -0.8284860 1.0108774 0.00222346 1.4065843
0.0096357 1.00 -0.2441619 -0.9679228 -0.1937372 1.0168695 0.00218776 1.4024338
0.00965055 1.00 0.4340088 0.6816869 0.6172540 1.0168890 0.002191 1.4024204
0.0096654 1.00 -0.8717497 0.4183940 -0.3151971 1.0170301 0.00219346 1.4023231
0.00968024 1.00 -0.2004384 0.4187261 0.9055545 1.0176129 0.00219306 1.4019215
0.00969509 1.00 -0.0991420 0.7366762 -0.6966390 1.0187379 0.00218915 1.4011472
0.00970994 1.00 0.2687542 0.9840515 -0.0162059 1.0202200 0.00218296 1.4001291
0.00972478 1.00 0.1529829 -0.9030267 0.4651876 1.0272587 0.00214167 1.3953240
0.00973963 1.00 0.1236708 -0.1828562 1.0058648 1.0298033 0.00212908 1.3935991
0.00975448 1.00 0.6553413 0.7138994 -0.3568474 1.0326978 0.00211444 1.3916447
0.00976933 1.00 0.7335092 -0.7080110 -0.1772862 1.0347685 0.00210497 1.3902516
0.00978417 1.00 0.6231955 -0.3071545 0.7711863 1.0380004 0.00208854 1.3880855
0.00979902 1.00 -1.0368259 0.0747177 0.0559770 1.0410207 0.00207356 1.3860705
0.00981387 1.00 -0.0805641 0.9412889 -0.4471596 1.0452115 0.00205182 1.3832890
0.00982871 1.00 0.9699932 -0.3211094 -0.2225835 1.0457253 0.0020519 1.3829491
0.00984356 1.00 -0.9999861 -0.2909198 0.1276310 1.0492360 0.00203444 1.3806335
0.00985841 1.00 0.1793938 0.6322476 0.8191470 1.0502004 0.0020319 1.3799994
0.00987326 1.00 -0.7606358 -0.2195944 0.6925363 1.0518532 0.00202538 1.3789148
0.0098881 1.00 0.8982454 -0.4685758 0.2908170 1.0540316 0.00201587 1.3774891
0.00990295 1.00 0.0028021 1.0283571 0.2317052 1.0541412 0.00201827 1.3774176
0.0099178 1.00 0.8447869 0.1951429 0.6029161 1.0560556 0.00201032 1.3761685
0.00993264 1.00 -0.0148002 -1.0209374 -0.2702134 1.0561948 0.00201254 1.3760778
0.00994749 1.00 -0.5350703 0.7895666 0.4622538 1.0599029 0.00199447 1.3736686
0.00996234 1.00 0.8868284 -0.4849828 -0.3211017 1.0605562 0.00199375 1.3732454
0.00997718 1.00 0.5482009 -0.7938168 -0.4485541 1.0638938 0.00197799 1.3710897
0.00999203 1.00 -0.6458198 0.8293893 -0.1674789 1.0644336 0.00197792 1.3707419
0.0100069 1.00 -0.4496158 0.7666280 0.5871211 1.0651685 0.00197677 1.3702690
0.0100217 1.00 0.5845999 -0.8008981 -0.3923106 1.0663500 0.00197312 1.3695097
0.0100366 1.00 -0.7219563 -0.6257412 0.4754009 1.0671359 0.00197169 1.3690053
0.0100514 1.00 0.6071236 0.8094141 -0.3590825 1.0736343 0.00193896 1.3648559
0.0100663 1.00 -0.5249959 0.9006795 0.2658227 1.0758745 0.00192972 1.3634342
0.0100811 1.00 0.7791541 -0.6642120 -0.3364838 1.0777198 0.00192266 1.3622665
0.010096 1.00 -0.8945729 0.4110174 -0.4420805 1.0791807 0.00191768 1.3613441
0.0101108 1.00 -0.5463823 -0.7322647 0.5818517 1.0831882 0.00189926 1.3588235
0.0101257 1.00 -0.5493101 -0.4346627 0.8273806 1.0840811 0.00189736 1.3582637
0.0101405 1.00 -0.0446034 0.8030365 0.7275880 1.0845466 0.00189769 1.3579722
0.0101553 1.00 1.0608353 0.2395936 -0.0615980 1.0892983 0.00187571 1.3550071
0.0101702 1.00 -0.2623240 -0.0668447 -1.0622396 1.0961912 0.00184324 1.3507403
0.010185 1.00 0.2105334 -0.6945990 0.8237735 1.0979048 0.0018373 1.3496857
0.0101999 1.00 -0.1074218 -0.7356921 0.8176963 1.1051740 0.00180391 1.3452397
0.0102147 1.00 -0.3228679 -1.0597709 0.0131443 1.1079399 0.00179304 1.3435595
0.0102296 1.00 -0.9862478 0.0742476 -0.5054000 1.1106874 0.00178235 1.3418967
0.0102444 1.00 0.6557269 0.8905191 -0.1113854 1.1114894 0.00178108 1.3414125
0.0102593 1.00 0.6140324 -0.2154222 0.9033811 1.1133462 0.00177475 1.3402934
0.0102741 1.00 1.0006081 -0.4345272 0.2389481 1.1167483 0.00176113 1.3382503
0.010289 1.00 0.1836676 0.9640489 -0.5395736 1.1199392 0.00174864 1.3363425
0.0103038 1.00 0.2969606 -0.1800351 -1.0654883 1.1206532 0.00174782 1.3359167
0.0103187 1.00 0.8868971 -0.1100900 -0.6764265 1.1208296 0.00174951 1.3358116
0.0103335 1.00 -0.8340530 0.4457413 -0.6040852 1.1221624 0.00174579 1.3350180
0.0103484 1.00 -0.9198483 -0.4423071 -0.4672502 1.1225325 0.00174657 1.3347980
0.0103632 1.00 0.8313311 -0.2710360 0.7170870 1.1308340 0.00171084 1.3298895
0.0103781 1.00 -0.7541047 0.7953564 -0.2844027 1.1323208 0.00170655 1.3290161
0.0103929 1.00 -1.1162274 0.1059020 -0.1929056 1.1377132 0.00168481 1.3258628
0.0104077 1.00 0.3004850 -1.0078587 0.4366460 1.1387405 0.00168265 1.3252646
0.0104226 1.00 -0.1366423 0.5637511 0.9823717 1.1408509 0.00167572 1.3240383
0.0104374 1.00 -0.3082775 -0.2057031 1.0801060 1.1419185 0.0016734 1.3234193
0.0104523 1.00 0.3975328 1.0500921 -0.2133462 1.1429096 0.00167143 1.3228453
0.0104671 1.00 0.3124304 0.6903960 0.8570491 1.1440247 0.00166891 1.3222004
0.010482 1.00 0.7011814 0.3676390 -0.8328306 1.1490955 0.00164925 1.3192799
0.0104968 1.00 0.3218157 0.9522021 -0.5666503 1.1538400 0.0016313 1.3165647
0.0105117 1.00 -0.2767850 -0.9253616 -0.6332149 1.1549308 0.00162898 1.3159428
0.0105265 1.00 -1.0910162 -0.0049708 -0.3806483 1.1555233 0.00162877 1.3156054
0.0105414 1.00 -0.4531109 0.0237594 -1.0651751 1.1577875 0.00162152 1.3143183
0.0105562 1.00 -0.5450670 -0.9294719 -0.4274387 1.1591893 0.00161792 1.3135234
0.0105711 1.00 0.3538722 0.7491622 0.8165499 1.1632812 0.00160316 1.3112112
0.0105859 1.00 -0.8683929 0.0449461 0.7758969 1.1653937 0.00159669 1.3100223
0.0106008 1.00 -0.1091067 0.7861880 -0.8567590 1.1679177 0.00158859 1.3086059
0.0106156 1.00 0.5096563 1.0536878 0.0661473 1.1723408 0.00157288 1.3061350
0.0106305 1.00 0.8927812 -0.5185410 -0.5605346 1.1747945 0.00156523 1.3047702
0.0106453 1.00 -0.6111828 -0.6819087 0.7388477 1.1766222 0.00156012 1.3037565
0.0106601 1.00 -0.6643420 -0.0367334 -0.9760065 1.1812233 0.00154411 1.3012148
0.010675 1.00 -0.3794699 1.0572742 -0.3801831 1.1859027 0.00152803 1.2986451
0.0106898 1.00 -0.9723847 -0.6816277 -0.0440894 1.1883148 0.00152086 1.2973264
0.0107047 1.00 0.0685535 1.0964634 -0.4549552 1.1890820 0.00152002 1.2969078
0.0107195 1.00 1.1877569 0.0444794 0.0400469 1.1892639 0.00152143 1.2968086
0.0107344 1.00 -1.1821179 -0.1084090 0.1048203 1.1916973 0.00151423 1.2954839
0.0107492 1.00 -0.2196735 0.9785124 0.6479353 1.1939695 0.00150768 1.2942506
0.0107641 1.00 -0.6087614 0.9518243 0.3925059 1.1960856 0.00150176 1.2931052
0.0107789 1.00 -0.1485552 -1.1007430 0.4463064 1.1970352 0.00150026 1.2925922
0.0107938 1.00 -0.9044760 0.4495548 0.6842467 1.2199877 0.00141912 1.2803752
0.0108086 1.00 -0.8284259 -0.6257714 -0.6489589 1.2243476 0.00140594 1.2780935
0.0108235 1.00 0.4694285 1.0883558 0.3351546 1.2317508 0.00138264 1.2742469
0.0108383 1.00 -1.0673873 0.0485856 0.6134169 1.2320538 0.00138352 1.2740901
0.0108532 1.00 -1.0927200 -0.5487655 -0.2393733 1.2459856 0.00133946 1.2669471
0.010868 1.00 -0.7200025 -1.0118653 -0.1130252 1.2470163 0.00133797 1.2664234
0.0108829 1.00 -0.0043724 0.4150776 1.1847992 1.2554113 0.00131309 1.2621820
0.0108977 1.00 0.7526122 -0.8242674 0.5775611 1.2567493 0.00131069 1.2615099
0.0109125 1.00 -0.9958938 -0.6931203 -0.3437606 1.2611073 0.00129892 1.2593283
0.0109274 1.00 0.7531401 0.8530687 0.5453631 1.2618903 0.00129826 1.2589376
0.0109422 1.00 -0.1127707 1.0701679 0.6659980 1.2655156 0.00128889 1.2571330
0.0109571 1.00 -0.1032073 1.2627128 -0.0347788 1.2674008 0.00128489 1.2561977
0.0109719 1.00 -0.1771570 -0.0366473 1.2544296 1.2674073 0.00128661 1.2561945
0.0109868 1.00 -0.1604991 0.9676125 -0.8119134 1.2732782 0.00127061 1.2532951
0.0110016 1.00 -0.9322352 0.7297943 0.5063395 1.2876498 0.0012302 1.2462814
0.0110165 1.00 0.1646785 -0.9423411 -0.8662299 1.2905347 0.00122362 1.2448876
0.0110313 1.00 -0.4048174 -0.3994804 -1.1662451 1.2975320 0.00120555 1.2415264
0.0110462 1.00 1.0322437 -0.7781850 0.1318807 1.2994197 0.00120192 1.2406243
0.011061 1.00 -0.7220692 0.4225872 1.0064149 1.3087532 0.00117797 1.2361926
0.0110759 1.00 0.5535317 -0.0237261 1.1885039 1.3112977 0.00117269 1.2349926
0.0110907 1.00 0.0645625 -1.2819096 -0.2754378 1.3127553 0.00117036 1.2343068
0.0111056 1.00 -1.0897753 -0.3336273 -0.6708002 1.3224561 0.00114633 1.2297713
0.0111204 1.00 0.5394744 -0.7530057 -0.9463387 1.3242384 0.00114323 1.2289435
0.0111353 1.00 -0.9119787 -0.9310217 -0.2418462 1.3255173 0.00114145 1.2283505
0.0111501 1.00 -0.3323403 -0.4546938 1.2057657 1.3308146 0.00112937 1.2259033
0.0111649 1.00 -0.6049686 0.6920691 -0.9626037 1.3309968 0.00113041 1.2258194
0.0111798 1.00 -1.2918928 -0.3223249 0.0380059 1.3320378 0.00112926 1.2253403
0.0111946 1.00 -0.9280536 -0.3416504 -0.9151189 1.3473868 0.00109256 1.2183410
0.0112095 1.00 -1.0269275 0.2141516 -0.8503016 1.3503532 0.00108681 1.2170020
0.0112243 1.00 0.0261417 0.0423956 1.3514111 1.3523286 0.00108349 1.2161129
0.0112392 1.00 -0.0489806 0.4291749 1.2871548 1.3577031 0.00107209 1.2137035
0.011254 1.00 -0.8332840 0.8673314 -0.6454806 1.3650170 0.00105634 1.2104475
0.0112689 1.00 -1.1625889 -0.6381798 -0.3333277 1.3674772 0.00105204 1.2093582
0.0112837 1.00 0.4227442 -1.2518195 0.3578274 1.3688701 0.00105021 1.2087428
0.0112986 1.00 -0.3866246 0.6570567 -1.1551791 1.3840668 0.00101733 1.2020886
0.0113134 1.00 0.0599842 -1.3786691 0.1947105 1.3936423 0.000997817 1.1979518
0.0113283 1.00 -0.8538198 -1.0673509 -0.3017794 1.3997561 0.000986092 1.1953328
0.0113431 1.00 1.1965380 -0.7332073 -0.0317251 1.4036747 0.000979138 1.1936631
0.011358 1.00 0.5079799 -0.6078926 1.1685071 1.4117315 0.00096373 1.1902521
0.0113728 1.00 -0.3520922 0.7773352 -1.1253193 1.4122898 0.000963845 1.1900168
0.0113876 1.00 -0.4797914 0.4734318 -1.2445092 1.4153235 0.000958911 1.1887407
0.0114025 1.00 -0.0783964 -0.9839092 1.0164227 1.4168057 0.000957151 1.1881188
0.0114173 1.00 -1.0880640 0.6114548 -0.6823142 1.4224320 0.00094707 1.1857667
0.0114322 1.00 1.3385971 -0.3947671 0.2857730 1.4245524 0.000944073 1.1848839
0.011447 1.00 -1.0179984 -0.8753545 0.4808882 1.4261205 0.000942184 1.1842323
0.0114619 1.00 0.5846636 -1.2997554 -0.0553627 1.4262751 0.000943099 1.1841681
0.0114767 1.00 0.7226231 -0.5185828 -1.1175770 1.4283174 0.000940276 1.1833212
0.0114916 1.00 -1.0761793 -0.9423207 -0.0543945 1.4314640 0.000935297 1.1820199
0.0115064 1.00 -0.2523530 0.4951287 -1.3241758 1.4360626 0.000927538 1.1801258
0.0115213 1.00 0.6859111 -0.6633082 -1.0930306 1.4509196 0.000900496 1.1740682
0.0115361 1.00 1.3421511 -0.5033188 -0.2572509 1.4563232 0.000891657 1.1718880
0.011551 1.00 -0.9098988 1.1284242 0.1490947 1.4572187 0.00089116 1.1715279
0.0115658 1.00 0.9747930 -0.2036892 1.0744158 1.4649505 0.000878251 1.1684322
0.0115807 1.00 1.3689086 -0.4955142 0.2385879 1.4752522 0.000861085 1.1643455
0.0115955 1.00 -0.3859612 1.2152212 -0.7454472 1.4769632 0.000859196 1.1636709
0.0116104 1.00 -0.9794732 1.0745998 -0.2847057 1.4816173 0.000852214 1.1618417
0.0116252 1.00 0.3298818 1.0874187 -0.9634302 1.4897984 0.000839323 1.1586473
0.01164 1.00 -0.5983302 -1.3204367 0.3748372 1.4973493 0.000827745 1.1557221
0.0116549 1.00 -1.2573910 -0.6684080 0.4649250 1.4979842 0.000827748 1.1554772
0.0116697 1.00 -0.1496047 1.0464527 -1.0643230 1.5000761 0.00082534 1.1546713
0.0116846 1.00 -0.3654640 -1.0892999 0.9665864 1.5014751 0.000824082 1.1541332
0.0116994 1.00 -0.9249908 0.9240730 0.7383810 1.5015743 0.000824966 1.1540951
0.0117143 1.00 -0.5092220 0.8171325 -1.1547703 1.5034983 0.000822845 1.1533564
0.0117291 1.00 0.1797195 -1.3559648 -0.6294743 1.5057150 0.000820255 1.1525071
0.011744 1.00 1.3218629 -0.0601393 0.7220580 1.5074170 0.000818514 1.1518563
0.0117588 1.00 0.1254568 1.3570519 -0.6448904 1.5077178 0.000819059 1.1517414
0.0117737 1.00 -0.7871668 -1.2833923 -0.0966374 1.5086637 0.000818551 1.1513803
0.0117885 1.00 0.8624017 1.0159032 -0.7246937 1.5168972 0.00080631 1.1482513
0.0118034 1.00 -0.1227976 1.2122963 0.9184680 1.5258850 0.000793144 1.1448645
0.0118182 1.00 1.4466875 -0.4574432 0.1686282 1.5266285 0.000792982 1.1445857
0.0118331 1.00 1.3854161 -0.5321387 -0.3685964 1.5291870 0.000789999 1.1436278
0.0118479 1.00 -1.2717117 0.7124401 -0.4686176 1.5311512 0.00078795 1.1428940
0.0118628 1.00 -1.0076690 1.1489098 -0.1145900 1.5324886 0.000786874 1.1423952
0.0118776 1.00 -0.5073647 0.2071315 1.4374137 1.5383369 0.000778907 1.1402216
0.0118924 1.00 1.1880887 0.5168592 -0.8562837 1.5530358 0.000757946 1.1348129
0.0119073 1.00 -1.3112786 -0.5038498 0.6770779 1.5594071 0.000749628 1.1324923
0.0119221 1.00 0.9292443 -1.2498390 0.0809558 1.5595340 0.00075038 1.1324462
0.011937 1.00 -1.4378203 0.0864298 -0.6045327 1.5621323 0.000747571 1.1315040
0.0119518 1.00 -1.3261169 -0.4493916 0.7089886 1.5694596 0.000738067 1.1288596
0.0119667 1.00 -0.7659088 1.2675161 -0.5349050 1.5745910 0.000731782 1.1270187
0.0119815 1.00 -1.0015694 -1.2137469 -0.1393274 1.5797896 0.000725481 1.1251628
0.0119964 1.00 -0.3475915 0.6787781 -1.3898345 1.5853074 0.000718821 1.1232030
0.0120112 1.00 -1.5735218 -0.2080513 -0.0301846 1.5875035 0.000716728 1.1224258
0.0120261 1.00 0.7998784 0.8055398 -1.1108698 1.5883109 0.00071652 1.1221405
0.0120409 1.00 -1.0426178 0.9127605 0.7872476 1.5937197 0.000710126 1.1202347
0.0120558 1.00 -0.6099476 1.1361009 -0.9563112 1.6053948 0.000695602 1.1161539
0.0120706 1.00 -0.2310487 0.2030927 -1.5843284 1.6139166 0.000685484 1.1132032
0.0120855 1.00 0.9961452 -0.7795586 1.0078010 1.6173063 0.000682021 1.1120360
0.0121003 1.00 -0.7283382 0.8079131 -1.2057838 1.6239195 0.00067455 1.1097694
0.0121152 1.00 0.2430814 0.5411125 -1.5133787 1.6254865 0.000673426 1.1092344
0.01213 1.00 0.3356940 1.5483887 -0.3784890 1.6289420 0.00066997 1.1080572
0.0121448 1.00 1.0416794 0.6864965 -1.0565081 1.6348036 0.0006636 1.1060690
0.0121597 1.00 -0.6405155 -1.4803564 0.2746783 1.6362040 0.000662707 1.1055955
0.0121745 1.00 0.4083196 -1.5495832 0.3468024 1.6395746 0.000659433 1.1044585
0.0121894 1.00 0.9952122 -0.6127287 1.1835183 1.6633098 0.000632374 1.0965500
0.0122042 1.00 -0.6706917 -0.1370396 1.5281781 1.6744956 0.00062054 1.0928813
0.0122191 1.00 1.4567583 0.0902155 -0.8210595 1.6746410 0.000621133 1.0928339
0.0122339 1.00 1.4699397 -0.6406892 -0.4988630 1.6793063 0.000616719 1.0913148
0.0122488 1.00 -0.2619380 -1.6543429 -0.2367257 1.6915972 0.000604106 1.0873429
0.0122636 1.00 0.6004928 -1.2400001 -0.9979787 1.7012211 0.000594631 1.0842630
0.0122785 1.00 -0.3823196 -1.6212915 0.3499910 1.7021304 0.000594398 1.0839733
0.0122933 1.00 -0.7488147 1.5311256 -0.1433527 1.7104441 0.000586481 1.0813357
0.0123082 1.00 -0.9255798 1.0273209 1.0151518 1.7154065 0.000582108 1.0797705
0.012323 1.00 0.4958823 0.8404325 1.4114866 1.7159606 0.000582246 1.0795962
0.0123379 1.00 1.6942071 -0.3115531 0.0210924 1.7227443 0.000576088 1.0774685
0.0123527 1.00 0.6131729 -0.6670422 -1.4797394 1.7350951 0.000564552 1.0736268
0.0123676 1.00 -1.1162289 -1.1154300 -0.7376015 1.7418975 0.000558634 1.0715284
0.0123824 1.00 -1.1862968 1.0698765 -0.7023058 1.7450413 0.000556287 1.0705628
0.0123972 1.00 -0.9571888 -1.1229805 -0.9511765 1.7555718 0.000546992 1.0673472
0.0124121 1.00 -0.2153320 -1.6186427 0.6489079 1.7571151 0.000546205 1.0668783
0.0124269 1.00 1.4156051 -0.8317875 0.6400082 1.7622198 0.00054212 1.0653320
0.0124418 1.00 1.3236274 0.4345637 1.0793948 1.7623644 0.000542634 1.0652883
0.0124566 1.00 -0.2136292 -1.5988948 0.7098082 1.7623648 0.000543281 1.0652881
0.0124715 1.00 0.1233056 -1.7508497 0.1806252 1.7644559 0.000541997 1.0646567
0.0124863 1.00 1.0628995 -0.4498780 1.3759713 1.7959517 0.000514591 1.0552799
0.0125012 1.00 -0.2007690 0.6373746 -1.6680477 1.7969245 0.000514367 1.0549942
0.012516 1.00 1.4843927 -0.8953474 0.5031199 1.8050480 0.000508056 1.0526176
0.0125309 1.00 -1.1435800 -1.4021178 0.0647422 1.8104975 0.000504079 1.0510322
0.0125457 1.00 1.3711158 -0.9753657 0.7135151 1.8276762 0.000490579 1.0460811
0.0125606 1.00 1.3552536 -0.5406980 -1.1108579 1.8338680 0.000486201 1.0443137
0.0125754 1.00 -1.1916969 0.3644891 -1.3589388 1.8438299 0.000478929 1.0414887
0.0125903 1.00 -0.8028870 -1.2198276 1.1315517 1.8474351 0.000476693 1.0404720
0.0126051 1.00 -0.7926205 1.5356125 0.6550788 1.8481021 0.000476738 1.0402842
0.0126199 1.00 -1.3465969 1.2743845 -0.0077081 1.8540330 0.000472734 1.0386190
0.0126348 1.00 -1.3717701 -0.8904397 -0.9213839 1.8771213 0.00045604 1.0322118
0.0126496 1.00 1.4195766 0.3850572 1.1772077 1.8839545 0.000451626 1.0303382
0.0126645 1.00 -0.4297289 -1.8311364 0.1414946 1.8861994 0.000450543 1.0297249
0.0126793 1.00 -1.0506099 0.9116077 1.2892514 1.8965703 0.000443712 1.0269056
0.0126942 1.00 0.9581173 1.6463003 -0.0017011 1.9048087 0.000438492 1.0246825
0.012709 1.00 -0.4758198 0.6242061 1.7407726 1.9095358 0.000435753 1.0234134
0.0127239 1.00 -1.7994642 0.4045805 0.5354507 1.9205375 0.000428808 1.0204779
0.0127387 1.00 -0.9492798 -0.5924078 1.5663842 1.9250035 0.000426327 1.0192935
0.0127536 1.00 -0.1037045 -1.5335900 -1.1643158 1.9282853 0.000424648 1.0184257
0.0127684 1.00 0.1744474 -1.7879011 0.7030130 1.9290541 0.000424635 1.0182228
0.0127833 1.00 -1.7415086 0.8507591 0.1883861 1.9473399 0.000413264 1.0134308
0.0127981 1.00 -1.9429581 -0.2406781 0.3020422 1.9809698 0.000393028 1.0047918
0.012813 1.00 0.8191404 1.7988874 0.2598637 1.9936188 0.000386042 1.0015991
0.0128278 1.00 0.6463018 -0.1216003 -1.9003284 2.0109054 0.000376607 0.9972848
0.0128427 1.00 0.0164990 1.5024316 1.3380000 2.0119188 0.000376474 0.9970336
0.0128575 1.00 -1.1361366 1.3004646 1.0382133 2.0149197 0.000375228 0.9962908
0.0128723 1.00 0.3324899 -0.9093677 1.8003047 2.0441615 0.000359769 0.9891392
0.0128872 1.00 0.6497436 -0.5167831 1.8774576 2.0528221 0.000355644 0.9870504
0.012902 1.00 0.9234055 -1.2125295 1.3756517 2.0531252 0.000355896 0.9869776
0.0129169 1.00 -1.3326040 0.7029650 -1.4244142 2.0733907 0.00034596 0.9821423
0.0129317 1.00 -0.4885403 1.0457035 -1.7233056 2.0741142 0.000345995 0.9819710
0.0129466 1.00 2.0403349 0.3483512 -0.1362969 2.0743413 0.000346279 0.9819173
0.0129614 1.00 -1.3291237 -1.0998289 1.1639066 2.0810747 0.000343322 0.9803274
0.0129763 1.00 0.5892766 0.9478398 1.7701633 2.0926360 0.00033805 0.9776157
0.0129911 1.00 0.4588528 1.9807241 -0.5102246 2.0962211 0.000336703 0.9767793
0.013006 1.00 -0.8894007 1.4646794 1.2330142 2.1110764 0.000330022 0.9733365
0.0130208 1.00 1.9696782 0.6342824 0.4270369 2.1128906 0.000329548 0.9729186
0.0130357 1.00 0.2173297 -0.1415261 -2.0990434 2.1150047 0.000328935 0.9724322
0.0130505 1.00 -0.3725901 0.2594156 2.0789805 2.1279755 0.000323325 0.9694640
0.0130654 1.00 1.9887671 -0.7430140 -0.2265756 2.1350880 0.000320469 0.9678479
0.0130802 1.00 -0.2886500 0.1335313 2.1225431 2.1462382 0.000315858 0.9653305
0.0130951 1.00 -0.8195964 -1.1414048 1.6237335 2.1473364 0.000315732 0.9650836
0.0131099 1.00 -0.0280423 -0.7355566 -2.0280959 2.1575456 0.000311624 0.9627976
0.0131247 1.00 1.5464081 -0.9390861 -1.1895358 2.1652381 0.000308664 0.9610858
0.0131396 1.00 1.7217517 1.3136733 0.1534999 2.1711123 0.000306511 0.9597848
0.0131544 1.00 -1.4506081 1.5751771 0.4250462 2.1831425 0.000301813 0.9571367
0.0131693 1.00 2.1598759 -0.0018560 -0.3261304 2.1843599 0.000301648 0.9568699
0.0131841 1.00 1.7465718 0.7974707 -1.0925480 2.2091024 0.000291955 0.9514962
0.013199 1.00 0.5885592 0.6323601 -2.0348185 2.2106034 0.000291689 0.9511731
0.0132138 1.00 2.0398884 0.8736288 -0.1956368 2.2276997 0.000285345 0.9475163
0.0132287 1.00 -0.6246159 1.7438199 1.2428244 2.2306199 0.000284545 0.9468958
0.0132435 1.00 2.1590104 0.1487788 0.5911726 2.2434229 0.000280015 0.9441901
0.0132584 1.00 -2.1104415 -0.0149098 -0.8492033 2.2749356 0.00026884 0.9376277
0.0132732 1.00 0.0088751 -1.5293959 -1.7284368 2.3079481 0.000257756 0.9308977
0.0132881 1.00 -2.2443486 0.4814421 -0.2574835 2.3098019 0.000257424 0.9305241
0.0133029 1.00 0.4844449 -2.0271268 1.0066897 2.3145959 0.000256114 0.9295600
0.0133178 1.00 -1.8849235 -1.3239199 0.2572851 2.3177351 0.000255359 0.9289302
0.0133326 1.00 0.6555410 -1.1594319 1.9075855 2.3265637 0.000252744 0.9271661
0.0133475 1.00 0.8656610 -0.5052557 2.1200947 2.3450914 0.000247076 0.9234962
0.0133623 1.00 1.6432102 1.3639030 0.9731790 2.3467953 0.000246812 0.9231609
0.0133771 1.00 -1.5854994 1.0317448 -1.4191896 2.3648266 0.000241478 0.9196347
0.013392 1.00 -2.2352414 0.7896365 0.2120440 2.3800825 0.000237127 0.9166826
0.0134068 1.00 2.2699527 -0.2358817 0.7298348 2.3960351 0.00023268 0.9136259
0.0134217 1.00 0.2364113 1.5045148 -1.9122882 2.4446474 0.000219316 0.9044965
0.0134365 1.00 0.0069835 0.5685200 2.3807371 2.4476872 0.000218741 0.9039347
0.0134514 1.00 -1.6786069 -1.7658411 0.2358450 2.4477620 0.000218963 0.9039209
0.0134662 1.00 0.1921483 -1.6197577 1.9064005 2.5089636 0.000203551 0.8928280
0.0134811 1.00 -2.1539641 0.0616913 -1.3225213 2.5283255 0.00019913 0.8894028
0.0134959 1.00 -0.6245926 -1.1165842 2.1816970 2.5291654 0.000199151 0.8892551
0.0135108 1.00 -0.8208219 -2.2985459 0.7581329 2.5557440 0.000193214 0.8846191
0.0135256 1.00 -2.0616431 -1.3321310 -0.7257539 2.5596219 0.000192549 0.8839488
0.0135405 1.00 -1.8256974 1.7938758 0.0243136 2.5596391 0.000192756 0.8839458
0.0135553 1.00 1.1845724 1.4780711 -1.7739519 2.5951515 0.000185154 0.8778769
0.0135702 1.00 1.7485676 1.9249086 -0.1151307 2.6030783 0.000183668 0.8765393
0.013585 1.00 -0.8793452 -2.2656237 0.9551512 2.6112473 0.000182149 0.8751671
0.0135999 1.00 1.5927199 1.7530933 -1.1389234 2.6281627 0.00017885 0.8723462
0.0136147 1.00 -0.6292878 -2.4611026 -0.8956276 2.6935438 0.000166321 0.8616938
0.0136295 1.00 0.4200473 -2.3456311 -1.3090844 2.7188466 0.000161897 0.8576748
0.0136444 1.00 -2.7388534 0.0846982 0.2868425 2.7551353 0.000155753 0.8520077
0.0136592 1.00 -2.2420289 1.6040653 -0.1763092 2.7623910 0.000154697 0.8508881
0.0136741 1.00 -2.2392726 1.4204752 -0.9075810 2.8028191 0.00014826 0.8447291
0.0136889 1.00 -1.3592998 2.2693106 -0.9505852 2.8108858 0.000147147 0.8435161
0.0137038 1.00 -0.8407619 1.5306523 -2.2332450 2.8349886 0.000143581 0.8399227
0.0137186 1.00 1.5061045 1.1506359 -2.1373105 2.8566432 0.000140493 0.8367332
0.0137335 1.00 1.2939989 -1.2990722 -2.1964738 2.8612094 0.000139973 0.8360653
0.0137483 1.00 -1.7409157 1.9991224 1.0953931 2.8683033 0.000139087 0.8350307
0.0137632 1.00 2.0707628 0.7306417 -1.8787315 2.8899010 0.000136138 0.8319046
0.013778 1.00 -0.0408650 -2.1513213 1.9333584 2.8927025 0.00013589 0.8315016
0.0137929 1.00 1.3768159 2.2819315 -1.1304883 2.8949676 0.000135717 0.8311763
0.0138077 1.00 -1.1013695 2.5287292 0.9009963 2.9015996 0.000134934 0.8302259
0.0138226 1.00 0.7431135 1.2772954 2.5076131 2.9106400 0.000133824 0.8289355
0.0138374 1.00 1.5006462 0.1378108 2.5146917 2.9316558 0.000131107 0.8259590
0.0138523 1.00 -1.0671844 0.7399890 2.6324629 2.9353581 0.000130752 0.8254380
0.0138671 1.00 0.8986903 -2.7880051 0.2642028 2.9411596 0.000130119 0.8246235
0.0138819 1.00 -2.3192786 1.5766641 0.9222013 2.9521819 0.000128805 0.8230826
0.0138968 1.00 2.1627815 1.8977026 0.7948534 2.9850781 0.000124727 0.8185348
0.0139116 1.00 2.1759391 1.5918438 1.4387446 3.0559227 0.000116376 0.8089912
0.0139265 1.00 -1.8254808 2.1832927 1.1142085 3.0562408 0.000116464 0.8089491
0.0139413 1.00 -1.9959712 -2.3185946 -0.1873413 3.0651067 0.000115579 0.8077783
0.0139562 1.00 0.3534109 2.5358127 1.7569576 3.1051804 0.00011128 0.8025490
0.013971 1.00 1.7250028 -1.0593584 -2.3598193 3.1091192 0.000110976 0.8020405
0.0139859 1.00 1.3002304 -1.9598333 -2.0537265 3.1223930 0.000109683 0.8003339
0.0140007 1.00 3.0518293 0.6932019 -0.2947907 3.1434205 0.00010761 0.7976525
0.0140156 1.00 -0.6360521 -1.1535340 2.8937671 3.1794796 0.000104101 0.7931165
0.0140304 1.00 -1.4127316 -2.8333248 -0.3731335 3.1879097 0.000103387 0.7920671
0.0140453 1.00 0.5370645 1.0911542 2.9634213 3.2032673 0.000102014 0.7901661
0.0140601 1.00 0.7879304 -2.9754785 -0.9512852 3.2216844 0.000100381 0.7879044
0.014075 1.00 2.4966089 2.0884060 -0.0440919 3.2552173 9.74134e-05 0.7838356
0.0140898 1.00 -3.1648241 0.7921835 0.3423385 3.2803752 9.52897e-05 0.7808241
0.0141046 1.00 -1.2971339 -1.1314522 2.7965825 3.2838414 9.50883e-05 0.7804120
0.0141195 1.00 -1.9685913 1.4042397 2.2268213 3.2872441 9.48931e-05 0.7800079
0.0141343 1.00 1.2320547 3.0425984 0.4819928 3.3177825 9.23939e-05 0.7764099
0.0141492 1.00 2.4435204 -2.4507323 0.3267180 3.4761510 8.04169e-05 0.7585176
0.014164 1.00 -1.2212367 -2.6547545 -1.9931616 3.5372070 7.64042e-05 0.7519427
0.0141789 1.00 3.0710083 -1.3385339 -1.1409932 3.5390155 7.63671e-05 0.7517506
0.0141937 1.00 -0.1553384 3.5562890 -0.1530894 3.5629704 7.49154e-05 0.7492192
0.0142086 1.00 1.0472294 0.0450434 -3.4186658 3.5757508 7.41926e-05 0.7478791
0.0142234 1.00 1.4000371 0.7625957 -3.2020241 3.5769561 7.4195e-05 0.7477531
0.0142383 1.00 -0.3381740 -3.2835882 -1.4910716 3.6220999 7.15299e-05 0.7430787
0.0142531 1.00 2.3618140 -0.4327442 2.7921917 3.6826305 6.81313e-05 0.7369464
0.014268 1.00 -2.8717146 1.0166979 2.1405035 3.7231941 6.59973e-05 0.7329210
0.0142828 1.00 2.2216648 0.9549503 -2.8804162 3.7609204 6.40977e-05 0.7292357
0.0142977 1.00 -2.5283548 1.7246954 -2.2095673 3.7748298 6.34577e-05 0.7278909
0.0143125 1.00 -0.9714372 -0.2738525 3.6673864 3.8037361 6.20863e-05 0.7251199
0.0143274 1.00 0.6607624 3.7743173 1.4897583 4.1111383 4.92256e-05 0.6974835
0.0143422 1.00 1.2798712 -3.9787702 0.6383867 4.2280279 4.53016e-05 0.6877745
0.014357 1.00 -1.8179319 1.9956753 -3.2936119 4.2585768 4.43796e-05 0.6853032
0.0143719 1.00 -1.3643144 3.9453649 0.9326318 4.2775063 4.38383e-05 0.6837852
0.0143867 1.00 2.3697309 -3.2599043 1.8983543 4.4549242 3.88466e-05 0.6700309
0.0144016 1.00 4.4128652 -1.0822867 0.2336152 4.5496484 3.6508e-05 0.6630192
0.0144164 1.00 1.4608762 1.7249263 -4.0746149 4.6596155 3.40188e-05 0.6551488
0.0144313 1.00 -3.8778648 2.4623544 0.9085499 4.6825727 3.35554e-05 0.6535408
0.0144461 1.00 -2.1340614 -3.1881901 3.0634421 4.9095266 2.91437e-05 0.6382564
0.014461 1.00 3.2685836 -3.2133430 2.0082165 5.0042128 2.75487e-05 0.6321893
0.0144758 1.00 -1.1078703 3.5513902 -3.4314986 5.0611196 2.66572e-05 0.6286251
0.0144907 1.00 -0.5946308 -2.0900802 4.5817231 5.0709178 2.65302e-05 0.6280175
0.0145055 1.00 -2.0548679 1.3147750 4.4801660 5.1012746 2.60861e-05 0.6261461
0.0145204 1.00 -2.4442763 -1.5849992 -4.2075897 5.1176674 2.58626e-05 0.6251424
0.0145352 1.00 -2.5239538 0.2169210 5.0647074 5.6629197 1.91078e-05 0.5942850
0.0145501 1.00 -4.7560446 -1.6882996 -2.7382618 5.7418110 1.83497e-05 0.5901882
0.0145649 1.00 3.7665385 3.4536643 -3.7251524 6.3238730 1.3749e-05 0.5623717
0.0145798 1.00 6.0636298 -0.0472812 1.9596278 6.3725963 1.34497e-05 0.5602177
0.0145946 1.00 0.5139314 5.6570682 -3.3590514 6.5992252 1.21234e-05 0.5505142
0.0146094 1.00 1.8393052 -6.6232236 -1.3536481 7.0058902 1.01427e-05 0.5342977
0.0146243 1.00 6.3156596 -1.3998953 2.7441617 7.0269258 1.00621e-05 0.5334974
0.0146391 1.00 -6.0705173 -1.6499122 3.1615503 7.0405107 1.00142e-05 0.5329825
0.014654 1.00 -5.0155654 4.8785344 -1.0745593 7.0788892 9.86216e-06 0.5315357
0.0146688 1.00 0.6490562 -7.0075387 1.0471922 7.1150182 9.72252e-06 0.5301845
0.0146837 1.00 5.1463038 5.3328430 -1.4190075 7.5456768 8.15928e-06 0.5148324
0.0146985 1.00 4.6938429 1.7048216 -6.1573812 7.9279204 7.04219e-06 0.5022678
0.0147134 1.00 -3.6660038 -2.8147679 7.1878615 8.5456336 5.62848e-06 0.4837744
0.0147282 1.00 -3.0643382 -6.3525155 -5.0420435 8.6698804 5.39539e-06 0.4802954
0.0147431 1.00 7.0649211 7.6667280 -1.1816681 10.4922909 3.04711e-06 0.4365961
0.0147579 1.00 4.7519207 -10.1168599 -3.5131664 11.7163963 2.19056e-06 0.4131597
0.0147728 1.00 5.9174473 9.7774005 3.0098623 11.8183338 2.13651e-06 0.4113740
0.0147876 1.00 5.5439331 6.3510311 10.4104971 13.3958665 1.46858e-06 0.3863933
0.0148025 1.00 11.5641122 -3.4070414 -6.8373727 13.8595197 1.3274e-06 0.3798752
0.0148173 1.00 4.8928018 14.2250206 1.7556074 15.1450612 1.01828e-06 0.3633954
0.0148322 1.00 -12.9382657 12.2372685 4.1049005 18.2756578 5.80092e-07 0.3308099
0.014847 1.00 34.6778958 6.0332242 -0.4209660 35.2013276 8.12593e-08 0.2383612
